
Matrice A di dimensione 36 x 36:
1.649000	7.555998	5.391467	-8.577926	-9.397362	8.176178	-1.502531	-5.525176	7.129945	9.663139	-1.258562	4.435524	2.032321	-9.495056	1.818731	5.365098	3.406036	-3.376323	3.183599	2.770202	1.282567	5.959873	7.672821	9.228388	3.754877	-2.298948	7.267971	9.070894	7.501959	7.350347	-8.523635	-5.793657	9.311340	4.953688	8.718911	1.765580	
-5.749355	9.169389	-3.507918	2.983918	7.131555	7.950545	5.557534	-3.409889	3.658976	8.491161	-7.895168	0.824029	-5.062856	-1.300880	8.976987	0.345580	-5.821061	2.685357	5.630939	3.440577	-3.078010	8.734335	7.178995	1.670230	0.601665	8.551922	7.890979	-4.389625	-9.091920	4.214018	1.055646	5.986793	4.250990	7.445468	2.968296	4.782736	
4.007036	8.929394	-2.630981	2.096370	2.203019	2.957565	-1.925281	0.772896	-4.057895	-7.673799	8.035937	-7.234758	1.677964	1.541870	-0.519051	7.600804	-5.646274	5.233500	-9.041174	-8.468226	-1.531383	3.023020	-0.470853	0.698697	2.333046	5.938124	6.271803	1.964803	9.535112	4.855983	-3.423503	5.240878	9.281583	9.996529	4.188276	3.230000	
6.355996	-2.721711	3.742097	2.758869	9.112487	0.663583	5.024937	6.061817	-5.000064	7.918875	-1.726830	7.337117	4.495902	-3.814251	8.641187	4.071803	9.146418	5.331416	-7.507526	6.336595	5.624981	7.498697	0.534682	0.902835	-7.932666	-8.073226	2.069685	0.575373	3.629287	6.270631	5.143628	5.595918	-6.857660	2.315604	-2.397228	0.994138	
-6.113787	5.139710	-9.599046	0.698764	-0.770116	5.354490	8.359751	-8.065331	-1.241457	9.415207	3.885829	1.326223	3.993075	0.774352	0.481006	0.325914	4.719553	0.526263	0.069187	3.436470	3.093022	4.291168	7.792522	4.241555	1.883493	5.003943	-0.890547	-0.410310	7.021261	4.620112	2.803060	8.617221	6.749298	2.014289	-2.644607	-9.423913	
1.699259	0.297502	-5.791055	2.531287	-4.468919	-1.005576	6.951882	2.139716	6.212775	-9.545429	4.866725	-4.714828	4.101088	3.458880	5.000437	-4.044306	2.282160	7.288462	5.414742	3.756120	0.639615	9.371319	8.643877	7.303154	6.827547	1.065201	-9.329336	5.501256	4.698791	8.471619	7.577816	3.395683	-2.679290	7.059318	6.152172	3.377116	
-5.139581	4.068254	4.156820	-6.956120	5.885321	-0.093718	9.644075	9.528888	8.701874	9.337733	3.125148	3.793253	9.628335	3.550135	-6.344060	5.700880	-4.046974	-6.795774	7.449088	1.629786	4.450309	3.148119	8.437857	6.092785	5.949472	-0.693172	8.297973	2.217611	9.766902	1.932529	3.738232	1.807995	6.990629	6.097858	5.343059	4.648282	
8.843397	4.778543	0.052533	3.349139	-3.171608	1.383750	-4.621602	1.848818	4.545229	-2.543330	3.454791	2.764545	-7.091503	5.093166	7.406078	9.918580	2.462104	-4.501993	9.948749	9.050293	2.607874	-4.916278	-2.848135	-0.968589	2.057737	6.708655	-1.379539	0.796057	8.229681	1.634862	9.952523	-4.355699	-4.341893	-0.247068	2.522209	-8.847303	
5.983687	8.633386	-9.482215	-6.518851	2.957341	-9.361401	-3.081895	-7.992459	9.487656	-1.981479	-2.082372	4.643593	4.837495	-4.089929	8.490043	3.372376	8.553952	1.982124	4.074640	6.113863	7.951223	3.225397	-7.696903	-6.281293	1.740372	9.751351	8.856114	4.534268	8.735981	-2.229876	6.503510	4.638256	8.791970	9.052075	-8.590914	-5.315406	
-9.757641	-4.135362	-6.497402	3.135346	-1.193257	6.415496	-7.878872	-7.437540	9.711928	6.977940	5.333544	2.611007	-0.933151	-2.258033	-8.329238	-2.383430	0.384941	-8.967650	-3.802136	9.663736	9.056438	-5.402864	4.023133	3.140706	-4.360035	5.270694	2.514736	-7.104560	8.829581	1.153929	-7.740184	4.170094	4.322139	3.934307	-3.061841	3.147911	
-9.634132	8.107358	1.030530	2.613183	7.710956	8.480715	6.330855	2.268733	4.883983	5.094782	8.732482	2.489456	4.382466	9.771431	9.807265	-5.256113	9.111947	3.804669	-9.495410	4.853347	6.654343	4.784125	4.763300	3.328348	-6.124939	0.940067	9.854145	2.397050	0.929412	-7.433592	-2.412048	9.045219	2.114048	-3.023276	8.055289	-0.417556	
-8.591433	8.612512	0.971534	-5.161252	-6.642090	7.427558	0.655003	-7.510026	9.633992	4.099020	9.993882	4.037187	-8.593297	4.182155	4.808756	2.040888	7.916128	8.558010	3.183536	6.762627	-3.386336	2.641492	8.395932	6.906018	1.080795	7.290731	-5.124363	3.289357	0.546852	0.314242	3.197790	-2.583257	3.534143	8.855810	4.451275	2.841581	
8.778348	-8.279330	9.981273	4.527448	3.090500	0.059296	2.034880	7.588560	-8.850328	5.708606	7.314711	-6.670992	9.155988	0.446091	2.539939	2.550370	3.058241	2.756086	9.627533	2.203177	5.062235	9.680619	7.914034	7.501759	9.715301	6.891786	1.275736	-7.956937	-9.447478	7.055032	8.552945	-7.076884	1.156724	5.565853	3.370014	-3.346351	
8.944472	-3.532909	-9.629587	2.335444	-3.563957	-9.265153	4.999080	4.881062	2.670778	6.668914	-5.363467	3.388306	-7.211315	-4.681765	-9.252068	7.941774	-6.263617	4.615651	2.383205	8.841546	9.604084	7.828426	-1.776442	4.656546	-8.193492	5.907918	3.824709	6.614381	6.829523	-2.142194	-0.964800	5.786674	-3.381150	8.709349	7.549785	9.887396	
1.871522	1.152179	0.134233	4.296450	9.862084	6.733475	4.541037	7.613313	9.391820	1.695171	2.462310	8.256942	0.162400	-9.611876	9.098821	6.218950	7.998334	-7.818000	8.085334	-1.071622	-9.175582	7.459438	-8.515278	-1.502065	-4.527155	-8.809569	5.812448	-1.720745	-3.382579	0.357718	-3.599816	2.588407	1.153726	0.755907	1.944013	6.152960	
8.030722	-5.308878	4.851520	-2.576004	-3.019712	6.471585	1.884420	-8.841362	3.665156	-4.115849	9.697148	2.279472	8.397984	8.042844	7.634056	-2.541388	7.170244	2.712412	9.957864	6.252982	1.693455	5.690594	-8.719992	2.717726	-7.031644	-3.783284	5.485986	3.819647	0.680328	7.489550	-0.318353	-9.215335	1.773121	8.508507	-1.583596	2.471573	
-5.659464	4.274211	2.322642	9.277204	4.673080	0.652010	7.918730	9.799280	-3.591656	6.668142	-9.671116	7.655354	1.295010	5.378347	3.825673	4.267140	1.443085	5.094231	-7.071654	5.180259	2.721428	2.151926	9.864465	8.622368	-8.468547	8.160273	8.805332	8.111114	-5.326694	4.675886	4.242267	-3.095581	3.506725	8.098132	0.312218	2.142637	
5.091725	1.212024	8.298866	6.261755	7.612908	3.910975	5.895409	-9.863031	5.328528	5.321431	4.093568	0.279527	-6.481878	-8.713567	-5.480493	1.628095	8.710709	9.895290	-5.824999	-6.083794	4.121885	-5.533665	4.578594	-7.309715	-4.059200	8.734024	5.391070	-7.369142	-7.490223	-5.782808	2.185188	-5.144634	5.620114	4.235971	-5.112412	-4.368689	
0.111204	4.095730	9.129774	8.427688	1.780642	2.373841	-8.255389	5.761151	1.753527	2.067349	9.876402	6.780759	-4.861906	6.560810	1.731539	9.024400	8.411239	7.083934	2.525232	8.498662	8.076049	4.471132	9.770841	0.674383	-6.438795	8.420288	9.969037	0.081801	-7.192579	2.657488	7.142454	5.200292	3.441754	6.110558	0.547604	7.258828	
6.961092	3.090826	-9.359585	9.665749	0.817019	-0.731761	7.787365	-4.507659	5.317000	7.325600	0.743677	8.137201	6.271384	-4.969194	-1.446771	0.417942	-0.478917	-7.894761	3.721897	3.026024	-1.394858	3.483855	-3.952986	8.899978	0.664704	3.877620	9.104658	-2.550306	6.715238	6.751339	4.288233	-9.975718	-7.535668	-3.077541	7.531973	4.023806	
1.187132	2.998586	2.871394	0.445700	-5.642129	3.996082	5.682277	-1.272304	6.867999	-3.007201	-5.338874	-2.446140	-3.384435	5.031875	0.010573	-3.936499	5.281194	0.374837	-0.504044	3.373699	9.660418	8.379261	-1.454509	9.904383	-5.454322	7.156357	7.476175	-5.031328	-5.084029	8.822479	-1.486432	6.919831	9.581847	-1.704540	-8.012928	8.625877	
1.662661	-2.627786	4.951557	6.955862	-8.575375	2.300380	-5.694557	4.196662	0.140774	2.253895	-8.759074	0.564364	-2.631771	7.733880	-4.652986	-4.094542	7.645995	-7.255269	7.841642	0.449004	6.003152	6.370539	8.569489	7.623869	9.657580	9.873628	0.197039	8.117629	6.787520	-2.582730	4.073205	-7.592573	0.267697	6.457132	0.237766	2.358371	
-8.195045	1.967948	1.283782	-6.091100	8.413002	2.173756	7.630498	5.241758	-0.769090	-0.048357	1.804635	8.471930	-6.167864	0.735251	3.511063	0.651533	3.247558	-8.220231	-9.427825	3.698710	1.777797	-5.555127	0.651133	9.327758	-2.303000	0.354216	6.098068	-0.428632	8.452136	-4.497208	7.028156	-1.724014	-8.021550	0.898112	4.917082	3.478919	
-8.683272	1.990721	4.349106	6.396606	0.064339	8.466829	2.282778	-7.158980	7.148609	8.434547	-8.174698	7.688781	2.732253	0.547938	5.056835	-6.199197	6.904060	3.253992	0.850888	-5.369407	-7.895319	3.416301	-0.918987	4.389611	3.208518	9.844668	0.599036	4.398465	2.764603	6.432573	6.160439	1.271483	-6.060613	-3.017928	0.040827	3.607869	
-6.012764	6.353415	7.979382	-8.595515	-6.465770	7.335442	9.274311	2.014901	-0.230422	-3.570598	7.844149	0.524043	6.865510	1.621634	-1.167104	-2.052368	1.071916	-7.866020	5.654790	8.270311	9.332356	-7.200334	2.589744	-2.983647	9.106914	-3.038523	4.455262	5.993284	-5.085158	0.996865	6.856508	0.705137	-7.005465	7.103318	1.597278	7.108706	
-9.441103	9.949210	-5.208221	-2.397015	9.564859	-4.350288	-1.246663	1.878754	2.581758	-6.070481	8.315153	0.629078	0.542057	1.348606	5.879929	-5.035200	7.029738	1.896414	-7.766246	0.029513	7.094992	3.277358	-6.953627	4.138254	0.754882	-2.849282	7.907660	6.809861	0.565060	-1.132817	-8.843305	-0.916712	-7.085166	-6.698344	-3.834331	-4.890777	
-0.525668	6.894930	8.343268	8.652651	0.670656	6.932797	4.830312	5.251337	7.208312	6.975001	-6.235448	3.502187	-6.069817	-8.293974	-1.501820	3.936380	6.757071	-6.709814	7.770719	5.853807	5.958710	-0.987720	-5.608310	-0.145195	7.189014	8.952442	-1.870865	3.553822	8.943148	4.973895	7.796446	-9.669557	4.497947	6.306070	-4.018380	-7.981516	
0.815904	0.790932	-9.138044	-2.615291	4.423081	7.847477	2.081973	6.318961	4.440988	-4.057436	4.000589	7.821338	4.390695	7.381132	-3.294794	0.236314	0.048154	4.309554	-1.161237	-9.925273	6.613262	7.104093	1.583847	3.091735	2.230100	0.461520	7.259401	8.164871	7.557568	7.391314	2.450720	8.478944	4.595537	7.227335	7.703041	-6.280120	
0.584460	8.261559	5.987191	7.673469	3.708589	4.080515	9.190652	-3.032089	9.815456	5.619109	4.080833	9.992356	-8.210097	3.442976	-6.549846	-5.865567	3.663580	2.496437	-7.766645	-1.016016	-7.148526	2.867788	3.429554	4.110362	5.135569	3.478205	-2.685780	9.434486	-9.808584	-8.224917	-9.227927	5.639779	2.128234	-0.004304	1.508314	5.453812	
5.761892	2.777519	1.842441	-7.045756	7.440935	2.362644	6.863156	3.689838	0.999758	3.687974	6.890344	3.333648	-4.499860	7.268748	1.072798	2.456271	-3.096419	1.589628	2.737809	1.968517	7.724243	9.262446	4.497929	-4.286702	9.216869	-4.179197	-9.283618	-8.569141	9.107692	-9.849313	1.051243	5.879066	5.930455	-7.805544	-0.490449	2.494569	
3.976349	8.861782	9.997925	8.377426	-1.463645	9.540577	8.119921	1.333677	6.747487	-6.283677	7.877854	3.466966	-2.060693	-0.307062	9.756820	8.900016	0.770401	6.877117	4.818301	2.080386	-3.325771	0.002168	-0.381721	5.436401	5.267560	4.174625	5.030917	-0.986998	9.524710	-8.045617	-8.014487	0.886339	7.548428	-2.880407	3.077347	-4.081563	
5.331342	5.519277	-8.879987	2.471091	8.066351	9.929815	-6.670324	-6.157135	6.570228	-8.145743	4.464243	-5.035723	-0.686232	5.138603	6.531173	2.357522	3.419280	0.694203	9.269099	5.615512	6.320771	2.265957	0.782105	8.852130	1.611450	0.128456	-4.985913	5.717299	6.786229	8.156901	7.843637	0.202956	7.210078	8.540641	-6.134395	-8.539401	
0.665425	4.726253	-8.856499	8.967445	1.908895	-5.774238	1.782492	5.172121	0.129193	3.177406	6.848101	-5.156616	-6.309007	3.498057	9.440444	3.079053	1.601698	-4.876732	9.499877	-3.207480	-6.840349	-3.381324	-7.959396	9.962083	6.223768	8.377687	1.801226	2.283620	-6.577770	4.536170	-8.021007	0.762963	5.494557	8.950779	-3.642959	-2.019012	
-3.240773	2.616478	8.306943	-9.456781	-7.793650	5.038852	8.181172	6.238444	-2.930201	4.968889	0.566279	-7.739272	-3.269850	6.819690	-8.744056	-4.307194	-6.822332	6.393303	2.147178	2.840961	9.790714	-7.408997	-0.795089	7.938683	-7.464113	-2.950314	8.034434	9.587611	8.648396	4.832691	-3.497559	3.946801	2.936981	-5.460665	5.694740	3.302355	
6.239079	2.931805	2.908619	-9.696047	-1.200540	7.820940	-5.533612	2.159300	2.441423	7.100659	2.305181	2.422384	3.243809	-0.688237	0.085257	-9.220884	4.142997	1.218636	2.810320	5.197820	-4.864692	7.800480	1.921723	-2.279061	-0.360188	3.349738	-3.783708	7.614401	6.291714	9.182688	-2.210901	2.890469	8.137255	-3.452861	-2.944663	3.004780	
-4.755814	8.305610	-0.719843	-8.788751	3.581538	-9.180845	2.615949	5.309922	4.992065	3.139598	3.927113	-2.884624	-4.945243	-3.592034	0.441717	9.019910	0.703727	5.703190	-4.094765	8.376023	-0.996353	3.657967	-6.590528	5.540975	-6.172665	3.939051	-9.674544	2.496231	-7.648342	-8.187100	5.521743	7.270917	9.031506	4.731971	3.770134	5.839421	

Matrice B di dimensione 36 x 36:
1.649000	-5.749355	4.007036	6.355996	-6.113787	1.699259	-5.139581	8.843397	5.983687	-9.757641	-9.634132	-8.591433	8.778348	8.944472	1.871522	8.030722	-5.659464	5.091725	0.111204	6.961092	1.187132	1.662661	-8.195045	-8.683272	-6.012764	-9.441103	-0.525668	0.815904	0.584460	5.761892	3.976349	5.331342	0.665425	-3.240773	6.239079	-4.755814	
7.555998	9.169389	8.929394	-2.721711	5.139710	0.297502	4.068254	4.778543	8.633386	-4.135362	8.107358	8.612512	-8.279330	-3.532909	1.152179	-5.308878	4.274211	1.212024	4.095730	3.090826	2.998586	-2.627786	1.967948	1.990721	6.353415	9.949210	6.894930	0.790932	8.261559	2.777519	8.861782	5.519277	4.726253	2.616478	2.931805	8.305610	
5.391467	-3.507918	-2.630981	3.742097	-9.599046	-5.791055	4.156820	0.052533	-9.482215	-6.497402	1.030530	0.971534	9.981273	-9.629587	0.134233	4.851520	2.322642	8.298866	9.129774	-9.359585	2.871394	4.951557	1.283782	4.349106	7.979382	-5.208221	8.343268	-9.138044	5.987191	1.842441	9.997925	-8.879987	-8.856499	8.306943	2.908619	-0.719843	
-8.577926	2.983918	2.096370	2.758869	0.698764	2.531287	-6.956120	3.349139	-6.518851	3.135346	2.613183	-5.161252	4.527448	2.335444	4.296450	-2.576004	9.277204	6.261755	8.427688	9.665749	0.445700	6.955862	-6.091100	6.396606	-8.595515	-2.397015	8.652651	-2.615291	7.673469	-7.045756	8.377426	2.471091	8.967445	-9.456781	-9.696047	-8.788751	
-9.397362	7.131555	2.203019	9.112487	-0.770116	-4.468919	5.885321	-3.171608	2.957341	-1.193257	7.710956	-6.642090	3.090500	-3.563957	9.862084	-3.019712	4.673080	7.612908	1.780642	0.817019	-5.642129	-8.575375	8.413002	0.064339	-6.465770	9.564859	0.670656	4.423081	3.708589	7.440935	-1.463645	8.066351	1.908895	-7.793650	-1.200540	3.581538	
8.176178	7.950545	2.957565	0.663583	5.354490	-1.005576	-0.093718	1.383750	-9.361401	6.415496	8.480715	7.427558	0.059296	-9.265153	6.733475	6.471585	0.652010	3.910975	2.373841	-0.731761	3.996082	2.300380	2.173756	8.466829	7.335442	-4.350288	6.932797	7.847477	4.080515	2.362644	9.540577	9.929815	-5.774238	5.038852	7.820940	-9.180845	
-1.502531	5.557534	-1.925281	5.024937	8.359751	6.951882	9.644075	-4.621602	-3.081895	-7.878872	6.330855	0.655003	2.034880	4.999080	4.541037	1.884420	7.918730	5.895409	-8.255389	7.787365	5.682277	-5.694557	7.630498	2.282778	9.274311	-1.246663	4.830312	2.081973	9.190652	6.863156	8.119921	-6.670324	1.782492	8.181172	-5.533612	2.615949	
-5.525176	-3.409889	0.772896	6.061817	-8.065331	2.139716	9.528888	1.848818	-7.992459	-7.437540	2.268733	-7.510026	7.588560	4.881062	7.613313	-8.841362	9.799280	-9.863031	5.761151	-4.507659	-1.272304	4.196662	5.241758	-7.158980	2.014901	1.878754	5.251337	6.318961	-3.032089	3.689838	1.333677	-6.157135	5.172121	6.238444	2.159300	5.309922	
7.129945	3.658976	-4.057895	-5.000064	-1.241457	6.212775	8.701874	4.545229	9.487656	9.711928	4.883983	9.633992	-8.850328	2.670778	9.391820	3.665156	-3.591656	5.328528	1.753527	5.317000	6.867999	0.140774	-0.769090	7.148609	-0.230422	2.581758	7.208312	4.440988	9.815456	0.999758	6.747487	6.570228	0.129193	-2.930201	2.441423	4.992065	
9.663139	8.491161	-7.673799	7.918875	9.415207	-9.545429	9.337733	-2.543330	-1.981479	6.977940	5.094782	4.099020	5.708606	6.668914	1.695171	-4.115849	6.668142	5.321431	2.067349	7.325600	-3.007201	2.253895	-0.048357	8.434547	-3.570598	-6.070481	6.975001	-4.057436	5.619109	3.687974	-6.283677	-8.145743	3.177406	4.968889	7.100659	3.139598	
-1.258562	-7.895168	8.035937	-1.726830	3.885829	4.866725	3.125148	3.454791	-2.082372	5.333544	8.732482	9.993882	7.314711	-5.363467	2.462310	9.697148	-9.671116	4.093568	9.876402	0.743677	-5.338874	-8.759074	1.804635	-8.174698	7.844149	8.315153	-6.235448	4.000589	4.080833	6.890344	7.877854	4.464243	6.848101	0.566279	2.305181	3.927113	
4.435524	0.824029	-7.234758	7.337117	1.326223	-4.714828	3.793253	2.764545	4.643593	2.611007	2.489456	4.037187	-6.670992	3.388306	8.256942	2.279472	7.655354	0.279527	6.780759	8.137201	-2.446140	0.564364	8.471930	7.688781	0.524043	0.629078	3.502187	7.821338	9.992356	3.333648	3.466966	-5.035723	-5.156616	-7.739272	2.422384	-2.884624	
2.032321	-5.062856	1.677964	4.495902	3.993075	4.101088	9.628335	-7.091503	4.837495	-0.933151	4.382466	-8.593297	9.155988	-7.211315	0.162400	8.397984	1.295010	-6.481878	-4.861906	6.271384	-3.384435	-2.631771	-6.167864	2.732253	6.865510	0.542057	-6.069817	4.390695	-8.210097	-4.499860	-2.060693	-0.686232	-6.309007	-3.269850	3.243809	-4.945243	
-9.495056	-1.300880	1.541870	-3.814251	0.774352	3.458880	3.550135	5.093166	-4.089929	-2.258033	9.771431	4.182155	0.446091	-4.681765	-9.611876	8.042844	5.378347	-8.713567	6.560810	-4.969194	5.031875	7.733880	0.735251	0.547938	1.621634	1.348606	-8.293974	7.381132	3.442976	7.268748	-0.307062	5.138603	3.498057	6.819690	-0.688237	-3.592034	
1.818731	8.976987	-0.519051	8.641187	0.481006	5.000437	-6.344060	7.406078	8.490043	-8.329238	9.807265	4.808756	2.539939	-9.252068	9.098821	7.634056	3.825673	-5.480493	1.731539	-1.446771	0.010573	-4.652986	3.511063	5.056835	-1.167104	5.879929	-1.501820	-3.294794	-6.549846	1.072798	9.756820	6.531173	9.440444	-8.744056	0.085257	0.441717	
5.365098	0.345580	7.600804	4.071803	0.325914	-4.044306	5.700880	9.918580	3.372376	-2.383430	-5.256113	2.040888	2.550370	7.941774	6.218950	-2.541388	4.267140	1.628095	9.024400	0.417942	-3.936499	-4.094542	0.651533	-6.199197	-2.052368	-5.035200	3.936380	0.236314	-5.865567	2.456271	8.900016	2.357522	3.079053	-4.307194	-9.220884	9.019910	
3.406036	-5.821061	-5.646274	9.146418	4.719553	2.282160	-4.046974	2.462104	8.553952	0.384941	9.111947	7.916128	3.058241	-6.263617	7.998334	7.170244	1.443085	8.710709	8.411239	-0.478917	5.281194	7.645995	3.247558	6.904060	1.071916	7.029738	6.757071	0.048154	3.663580	-3.096419	0.770401	3.419280	1.601698	-6.822332	4.142997	0.703727	
-3.376323	2.685357	5.233500	5.331416	0.526263	7.288462	-6.795774	-4.501993	1.982124	-8.967650	3.804669	8.558010	2.756086	4.615651	-7.818000	2.712412	5.094231	9.895290	7.083934	-7.894761	0.374837	-7.255269	-8.220231	3.253992	-7.866020	1.896414	-6.709814	4.309554	2.496437	1.589628	6.877117	0.694203	-4.876732	6.393303	1.218636	5.703190	
3.183599	5.630939	-9.041174	-7.507526	0.069187	5.414742	7.449088	9.948749	4.074640	-3.802136	-9.495410	3.183536	9.627533	2.383205	8.085334	9.957864	-7.071654	-5.824999	2.525232	3.721897	-0.504044	7.841642	-9.427825	0.850888	5.654790	-7.766246	7.770719	-1.161237	-7.766645	2.737809	4.818301	9.269099	9.499877	2.147178	2.810320	-4.094765	
2.770202	3.440577	-8.468226	6.336595	3.436470	3.756120	1.629786	9.050293	6.113863	9.663736	4.853347	6.762627	2.203177	8.841546	-1.071622	6.252982	5.180259	-6.083794	8.498662	3.026024	3.373699	0.449004	3.698710	-5.369407	8.270311	0.029513	5.853807	-9.925273	-1.016016	1.968517	2.080386	5.615512	-3.207480	2.840961	5.197820	8.376023	
1.282567	-3.078010	-1.531383	5.624981	3.093022	0.639615	4.450309	2.607874	7.951223	9.056438	6.654343	-3.386336	5.062235	9.604084	-9.175582	1.693455	2.721428	4.121885	8.076049	-1.394858	9.660418	6.003152	1.777797	-7.895319	9.332356	7.094992	5.958710	6.613262	-7.148526	7.724243	-3.325771	6.320771	-6.840349	9.790714	-4.864692	-0.996353	
5.959873	8.734335	3.023020	7.498697	4.291168	9.371319	3.148119	-4.916278	3.225397	-5.402864	4.784125	2.641492	9.680619	7.828426	7.459438	5.690594	2.151926	-5.533665	4.471132	3.483855	8.379261	6.370539	-5.555127	3.416301	-7.200334	3.277358	-0.987720	7.104093	2.867788	9.262446	0.002168	2.265957	-3.381324	-7.408997	7.800480	3.657967	
7.672821	7.178995	-0.470853	0.534682	7.792522	8.643877	8.437857	-2.848135	-7.696903	4.023133	4.763300	8.395932	7.914034	-1.776442	-8.515278	-8.719992	9.864465	4.578594	9.770841	-3.952986	-1.454509	8.569489	0.651133	-0.918987	2.589744	-6.953627	-5.608310	1.583847	3.429554	4.497929	-0.381721	0.782105	-7.959396	-0.795089	1.921723	-6.590528	
9.228388	1.670230	0.698697	0.902835	4.241555	7.303154	6.092785	-0.968589	-6.281293	3.140706	3.328348	6.906018	7.501759	4.656546	-1.502065	2.717726	8.622368	-7.309715	0.674383	8.899978	9.904383	7.623869	9.327758	4.389611	-2.983647	4.138254	-0.145195	3.091735	4.110362	-4.286702	5.436401	8.852130	9.962083	7.938683	-2.279061	5.540975	
3.754877	0.601665	2.333046	-7.932666	1.883493	6.827547	5.949472	2.057737	1.740372	-4.360035	-6.124939	1.080795	9.715301	-8.193492	-4.527155	-7.031644	-8.468547	-4.059200	-6.438795	0.664704	-5.454322	9.657580	-2.303000	3.208518	9.106914	0.754882	7.189014	2.230100	5.135569	9.216869	5.267560	1.611450	6.223768	-7.464113	-0.360188	-6.172665	
-2.298948	8.551922	5.938124	-8.073226	5.003943	1.065201	-0.693172	6.708655	9.751351	5.270694	0.940067	7.290731	6.891786	5.907918	-8.809569	-3.783284	8.160273	8.734024	8.420288	3.877620	7.156357	9.873628	0.354216	9.844668	-3.038523	-2.849282	8.952442	0.461520	3.478205	-4.179197	4.174625	0.128456	8.377687	-2.950314	3.349738	3.939051	
7.267971	7.890979	6.271803	2.069685	-0.890547	-9.329336	8.297973	-1.379539	8.856114	2.514736	9.854145	-5.124363	1.275736	3.824709	5.812448	5.485986	8.805332	5.391070	9.969037	9.104658	7.476175	0.197039	6.098068	0.599036	4.455262	7.907660	-1.870865	7.259401	-2.685780	-9.283618	5.030917	-4.985913	1.801226	8.034434	-3.783708	-9.674544	
9.070894	-4.389625	1.964803	0.575373	-0.410310	5.501256	2.217611	0.796057	4.534268	-7.104560	2.397050	3.289357	-7.956937	6.614381	-1.720745	3.819647	8.111114	-7.369142	0.081801	-2.550306	-5.031328	8.117629	-0.428632	4.398465	5.993284	6.809861	3.553822	8.164871	9.434486	-8.569141	-0.986998	5.717299	2.283620	9.587611	7.614401	2.496231	
7.501959	-9.091920	9.535112	3.629287	7.021261	4.698791	9.766902	8.229681	8.735981	8.829581	0.929412	0.546852	-9.447478	6.829523	-3.382579	0.680328	-5.326694	-7.490223	-7.192579	6.715238	-5.084029	6.787520	8.452136	2.764603	-5.085158	0.565060	8.943148	7.557568	-9.808584	9.107692	9.524710	6.786229	-6.577770	8.648396	6.291714	-7.648342	
7.350347	4.214018	4.855983	6.270631	4.620112	8.471619	1.932529	1.634862	-2.229876	1.153929	-7.433592	0.314242	7.055032	-2.142194	0.357718	7.489550	4.675886	-5.782808	2.657488	6.751339	8.822479	-2.582730	-4.497208	6.432573	0.996865	-1.132817	4.973895	7.391314	-8.224917	-9.849313	-8.045617	8.156901	4.536170	4.832691	9.182688	-8.187100	
-8.523635	1.055646	-3.423503	5.143628	2.803060	7.577816	3.738232	9.952523	6.503510	-7.740184	-2.412048	3.197790	8.552945	-0.964800	-3.599816	-0.318353	4.242267	2.185188	7.142454	4.288233	-1.486432	4.073205	7.028156	6.160439	6.856508	-8.843305	7.796446	2.450720	-9.227927	1.051243	-8.014487	7.843637	-8.021007	-3.497559	-2.210901	5.521743	
-5.793657	5.986793	5.240878	5.595918	8.617221	3.395683	1.807995	-4.355699	4.638256	4.170094	9.045219	-2.583257	-7.076884	5.786674	2.588407	-9.215335	-3.095581	-5.144634	5.200292	-9.975718	6.919831	-7.592573	-1.724014	1.271483	0.705137	-0.916712	-9.669557	8.478944	5.639779	5.879066	0.886339	0.202956	0.762963	3.946801	2.890469	7.270917	
9.311340	4.250990	9.281583	-6.857660	6.749298	-2.679290	6.990629	-4.341893	8.791970	4.322139	2.114048	3.534143	1.156724	-3.381150	1.153726	1.773121	3.506725	5.620114	3.441754	-7.535668	9.581847	0.267697	-8.021550	-6.060613	-7.005465	-7.085166	4.497947	4.595537	2.128234	5.930455	7.548428	7.210078	5.494557	2.936981	8.137255	9.031506	
4.953688	7.445468	9.996529	2.315604	2.014289	7.059318	6.097858	-0.247068	9.052075	3.934307	-3.023276	8.855810	5.565853	8.709349	0.755907	8.508507	8.098132	4.235971	6.110558	-3.077541	-1.704540	6.457132	0.898112	-3.017928	7.103318	-6.698344	6.306070	7.227335	-0.004304	-7.805544	-2.880407	8.540641	8.950779	-5.460665	-3.452861	4.731971	
8.718911	2.968296	4.188276	-2.397228	-2.644607	6.152172	5.343059	2.522209	-8.590914	-3.061841	8.055289	4.451275	3.370014	7.549785	1.944013	-1.583596	0.312218	-5.112412	0.547604	7.531973	-8.012928	0.237766	4.917082	0.040827	1.597278	-3.834331	-4.018380	7.703041	1.508314	-0.490449	3.077347	-6.134395	-3.642959	5.694740	-2.944663	3.770134	
1.765580	4.782736	3.230000	0.994138	-9.423913	3.377116	4.648282	-8.847303	-5.315406	3.147911	-0.417556	2.841581	-3.346351	9.887396	6.152960	2.471573	2.142637	-4.368689	7.258828	4.023806	8.625877	2.358371	3.478919	3.607869	7.108706	-4.890777	-7.981516	-6.280120	5.453812	2.494569	-4.081563	-8.539401	-2.019012	3.302355	3.004780	5.839421	

Risultato:
Matrice C di dimensione 36 x 36:
2707.274008	543.280494	392.535461	678.837376	558.678913	503.260862	408.274227	269.953384	547.898381	248.370959	401.007968	385.257521	591.719090	366.406690	269.372699	482.950449	371.741660	57.674642	807.593315	504.804530	33.902613	613.891480	143.796074	1070.404117	128.099762	121.686297	896.690285	892.257438	279.770058	237.132623	432.027321	365.324901	-40.710972	578.915069	859.141289	203.585595	
295.510569	2238.034156	56.184076	117.154629	376.967584	257.834577	520.668981	149.915926	704.529821	62.323371	541.797349	707.084890	204.418129	485.372416	667.721221	-23.170566	1276.343896	574.992966	1030.980368	405.695055	711.633690	329.065547	112.069178	731.663159	61.889208	134.797210	587.076239	411.183710	965.646199	115.977373	746.599247	-21.996691	684.375098	-45.741923	504.961444	527.312589	
374.303511	547.493834	1977.389815	231.408894	164.526462	294.497231	378.278003	382.202856	849.077710	363.668608	574.320638	655.803707	284.375187	208.285311	67.125543	-456.853650	634.784424	504.974577	51.818282	204.683843	601.527083	217.144563	94.250711	159.464687	-269.299500	269.067619	98.375347	718.184247	289.233136	172.249851	760.289236	398.435564	129.254979	362.327646	699.593539	483.820583	
321.272624	291.042284	401.276744	2418.415299	463.935447	620.986167	286.442423	110.297358	252.842619	-164.472186	1109.521808	-464.260582	826.931994	524.495537	947.104720	471.151062	757.757848	435.484229	485.206512	60.574475	434.140467	-93.957222	643.548977	921.784420	-322.165169	673.655543	41.435381	350.847988	175.946429	93.105168	434.006987	-301.251310	-753.937543	313.215521	730.372398	642.348694	
627.037161	585.200818	268.578533	670.484409	2209.327877	804.151772	362.379149	363.916299	417.115405	-154.034465	514.528131	482.181784	672.194067	298.958564	366.569146	-343.288019	234.821744	237.186304	745.090042	390.746216	459.836003	432.452515	316.583553	1056.110959	-363.357714	436.331917	588.885555	577.290923	592.123991	597.278212	213.071006	228.464648	-287.605180	219.056049	672.267981	680.189264	
476.680139	1065.928470	594.196819	353.976991	460.497924	2630.053790	781.707014	774.952753	359.498627	-437.048569	590.228652	517.950120	1560.001950	752.943295	480.214798	83.501451	649.037212	-31.035140	901.305573	482.426194	727.374218	712.251911	31.206106	944.956978	174.736371	634.357570	810.279965	670.182332	999.485181	307.997037	654.591605	882.725149	-43.508274	-341.980786	386.924608	963.126892	
362.762656	974.938908	797.710150	170.567929	523.061845	673.766420	2552.504838	627.560197	621.500128	190.095023	824.778602	828.122990	1009.819325	1287.346251	914.511075	-105.251841	1229.566403	279.366562	716.183209	174.023484	509.101955	765.531943	883.544108	665.876956	519.988616	686.542299	1097.435988	356.742435	594.898471	799.419942	764.188421	498.642010	-262.631878	223.309105	680.023428	1040.182571	
45.500684	569.014104	422.107654	92.247544	155.954536	906.743184	347.453346	2453.246639	1019.371244	-82.430207	395.845498	618.339096	918.320838	389.629487	602.280558	280.145171	715.699821	326.901871	889.515101	735.545340	417.588527	578.714872	395.748655	708.568362	21.730167	490.492653	1741.321593	293.074732	420.086837	192.081036	482.203283	367.186656	58.644534	-78.155256	389.396527	907.840171	
183.335315	826.349566	872.560519	-31.354069	175.110689	114.923611	889.274910	983.728587	2828.062814	552.713558	545.644644	629.554603	37.803585	987.671003	413.660638	198.919174	1266.501655	630.245632	86.368327	419.885012	626.306549	480.558306	-145.040035	473.423520	187.667762	541.620118	705.706413	410.235168	161.303469	28.143111	665.996550	874.392219	508.347542	-334.549859	763.819464	933.031972	
101.485144	589.119422	572.001823	-405.404929	-188.948395	-377.112062	256.793999	821.224608	209.813895	2480.104040	604.130823	1015.309304	-345.210725	-207.206915	-96.253049	-57.253977	460.057807	582.119628	230.084631	97.437064	510.862803	722.670427	377.598399	265.773717	412.418027	79.220233	471.700090	-107.105944	486.992748	148.788168	-108.209995	392.953130	472.221290	307.042523	299.568809	334.658624	
142.274655	815.985535	616.237117	685.310568	345.108147	290.120769	708.636961	52.140727	700.455659	153.491079	2432.897271	487.912832	526.009316	537.684654	252.046631	-49.279213	1171.557111	749.660286	654.527878	526.895829	871.376713	-91.704506	222.513551	962.326336	136.543277	871.581296	239.027482	332.914887	793.241497	337.559118	659.655243	36.291896	-35.144471	549.717284	495.787387	915.422787	
320.889537	951.996773	175.162615	-257.314410	215.795513	487.390129	639.162025	872.788400	165.674698	699.647974	242.231680	2687.741984	287.560592	297.030772	262.798889	381.452543	1068.796205	305.495407	782.076501	486.558073	586.491905	731.605925	408.141231	826.294359	529.771590	198.880393	1028.015619	570.638690	816.290478	74.347975	574.729209	-26.486394	-131.928864	-357.925699	403.118940	791.825011	
416.623224	926.260144	-18.904236	450.686099	639.497284	1059.114863	542.613140	481.918525	-0.573763	-620.862766	545.530866	253.142746	2561.660518	384.810553	286.545453	125.436425	343.947964	390.011810	772.854281	646.704218	392.034212	645.798968	-290.590551	574.296769	-9.023827	-225.748360	692.031545	322.229877	41.598470	347.000823	752.631184	23.861842	-640.154394	142.319834	295.159789	300.572757	
357.363913	620.609069	341.701402	331.298093	391.163797	479.226171	1360.868482	225.113052	792.314671	-281.911277	245.293352	-12.209323	501.012869	2785.419754	798.724031	474.439412	1084.856925	10.074417	625.231668	437.606208	292.825373	204.808060	297.240732	193.290486	-165.539821	319.294595	776.512945	627.277960	379.855208	85.362297	490.678786	-55.722124	-111.481594	327.957718	3.619691	1041.990264	
139.328936	1163.024863	-66.081573	432.566309	89.455205	333.124164	660.970164	381.230033	588.780148	-26.561739	587.845456	215.650164	414.317483	702.793867	2582.140986	781.512922	612.111139	488.129964	423.407337	438.346257	395.645015	36.023623	599.860844	895.614522	54.314777	794.128794	477.358165	872.460212	1014.737950	419.216089	1461.171256	-164.408326	-31.523277	-163.589874	565.731876	609.101358	
608.875001	55.275292	-29.554212	586.366223	161.580304	299.121715	17.454032	256.949210	380.068950	34.183695	-196.737244	22.225688	-41.015849	172.456975	421.708398	2439.868395	53.282303	154.127027	407.767700	287.894852	159.895673	253.750833	-74.033618	370.413691	142.924952	96.736988	-191.348290	298.144266	-178.017339	-472.454698	-157.090373	49.817191	450.411894	298.497361	657.445856	-335.613330	
201.133510	1404.992265	126.898303	796.436451	-409.628719	107.872465	1067.083094	378.488723	785.045933	-190.755437	954.947304	656.681595	783.739153	1037.317708	139.432290	221.377398	3150.498852	355.478791	946.639236	722.016077	672.927185	570.180866	455.481523	746.399019	82.557671	236.631416	829.313690	174.182437	711.199580	-355.959460	480.643348	-200.726433	478.864959	114.197301	308.101488	1409.410378	
105.988252	1103.681850	438.652346	-121.451785	255.395778	-396.440256	171.522964	320.963373	341.545673	164.909551	626.155864	637.472576	99.760065	252.414426	187.033890	-26.419615	163.780943	2231.966538	610.901876	189.839014	484.084788	64.699296	92.090599	436.719491	-68.311229	415.461255	750.448661	-125.233958	618.174202	-85.093828	380.149587	-155.161360	-173.457995	-156.267061	418.215724	357.127485	
114.927283	552.003598	-186.864422	495.407056	271.075633	539.011742	210.911371	514.917227	-145.495304	253.301215	696.835434	720.726634	1001.334161	250.389622	360.483851	250.486510	740.872454	238.687117	2944.693906	-241.885607	232.217879	426.298209	83.142084	295.532666	107.384585	146.192824	883.639050	407.842360	845.462393	751.820294	267.155626	115.269077	180.649053	-45.731960	-260.482288	480.888683	
677.209885	999.268333	69.073983	136.776936	209.332258	318.503147	807.037847	728.347307	612.563287	155.561887	272.801664	216.752468	473.884433	725.362219	917.068538	401.656661	739.673824	-12.934593	445.324758	2416.777067	25.533527	416.793262	260.659804	1040.672572	-226.552427	662.273087	776.244085	511.118599	367.876723	-584.047908	721.839531	-167.048043	202.216483	-134.033618	158.755815	195.796119	
-121.914065	1187.251784	508.395537	451.171116	129.784767	597.791722	307.497497	585.798601	1217.684990	354.961796	675.859263	618.050679	437.760290	708.439598	148.859421	445.854129	1048.375724	685.758845	398.525630	162.053215	2561.707355	758.434699	321.505565	501.522530	55.174104	531.227483	845.932983	161.037347	651.523169	-92.993350	534.401117	69.572935	214.060456	342.087736	795.216124	708.739926	
348.852406	503.905680	68.787963	-374.541245	171.904176	408.446079	343.102409	923.341568	289.848992	316.149822	-205.698234	876.283764	311.479912	286.836359	-40.093108	341.821805	601.998567	-210.257988	930.891874	335.293631	434.170203	2461.559381	397.808290	860.431393	509.912489	-102.811560	918.096614	439.209886	690.578064	-151.449916	-199.857500	351.920851	302.403338	-84.447292	476.703094	32.023360	
-49.293507	496.575366	296.682659	439.990878	312.740442	15.239625	674.786441	856.658296	73.363914	310.360873	445.771014	595.046160	-35.680936	272.644432	800.287965	-506.288762	1003.634601	-20.231688	152.902097	286.680967	108.294280	728.005598	2087.452186	770.454670	1012.914729	788.269324	527.054512	438.526788	517.592861	247.607015	345.211937	279.101816	-255.488985	106.275297	106.704204	1090.410990	
562.158244	952.241712	309.889065	770.928954	425.318320	439.279963	261.215379	561.404912	500.760835	-17.832869	781.357430	391.991901	279.107584	260.045773	597.073111	145.259316	747.396343	371.585724	453.511725	884.668393	210.664312	701.334594	742.341646	2861.444070	235.480678	698.333477	598.069968	426.443235	525.770749	38.485745	143.463001	254.367404	29.568887	-137.168150	874.439390	262.866046	
77.802919	269.621084	-18.218403	-167.299174	-318.337737	-102.546625	501.138360	52.584798	-181.538601	55.639434	282.654503	518.524875	-117.621718	-51.422002	-79.006966	71.742786	221.001240	-174.858941	315.829363	-219.001379	-35.295975	113.331728	730.568020	-1.977737	2558.589816	-81.515775	498.497344	657.013182	-170.185806	232.658534	-79.490719	161.533765	-156.992775	152.152178	-273.628518	1.946907	
-154.387415	651.928497	519.081748	52.603109	319.889900	230.527021	437.658327	362.435295	471.675400	363.193290	1079.993209	360.997026	-28.990859	468.136274	883.578256	119.411884	232.504397	207.034884	196.729238	504.464285	402.834442	281.252513	834.385874	674.359338	189.595309	2479.302403	296.635629	348.516628	496.319467	-224.353392	471.069245	224.364016	5.433275	337.205002	244.326584	965.182266	
640.491149	1155.615149	-59.660350	65.939993	247.293241	812.817944	659.026795	1392.387306	607.181041	-8.599460	-0.618497	472.496934	723.627388	769.824167	780.059966	162.746017	830.387958	776.080413	1475.275362	668.712845	538.672915	947.996200	502.902266	877.238814	388.221387	543.285021	2841.986191	552.283582	936.880788	24.288871	265.883957	378.128076	589.976713	-96.989874	289.782807	608.990328	
485.069390	282.524008	639.718191	343.404054	908.286355	355.139115	539.198801	12.458242	995.944902	-43.306729	150.754277	127.521200	-150.412853	469.995490	642.922311	281.512415	319.472569	-535.503204	387.540444	350.355765	7.508614	108.762813	396.914114	453.638413	413.448009	219.935159	141.295710	2540.078212	-79.432904	216.243412	672.170417	208.971273	-584.587818	290.521934	338.810214	-446.430894	
23.729379	1516.026504	-48.441535	-55.997306	-57.755524	578.512451	196.392483	477.861604	51.010211	210.165565	832.063404	571.863848	25.342419	297.925336	730.830697	1.902820	1182.618712	717.418089	1156.819741	184.498906	486.957702	777.735688	387.313351	1076.667520	-29.251125	732.643334	561.283183	115.503723	2638.745436	326.919478	714.539365	-144.865483	746.355395	211.134569	626.197396	940.609015	
35.036318	-91.446528	131.991903	-243.297915	735.547700	811.815531	607.411705	315.685051	81.802997	-643.537406	409.798976	571.480178	951.993862	433.321710	690.123513	-282.650416	-291.082088	477.148478	640.085002	-718.860214	86.715039	-34.801359	238.632950	-37.026478	244.686660	-12.698255	505.668314	670.596956	449.354124	2758.033003	726.244697	292.325346	-966.627827	270.027589	233.728516	573.812076	
400.922812	926.127975	499.128174	136.874944	377.695749	464.141400	772.929562	291.150017	633.471919	-392.257479	1215.902863	702.213510	973.754185	426.525572	1206.992550	-57.705225	230.787735	521.359311	421.464323	246.697071	268.189476	-159.196815	0.344155	469.483331	34.540462	650.061543	624.558837	599.693396	1013.872938	627.728261	2964.912612	212.092654	-477.363360	-21.237108	-116.775142	189.246463	
263.041039	371.610962	562.768548	15.100051	370.892420	721.940118	287.796734	820.383329	1027.250520	349.581281	141.099655	515.382408	395.718168	76.677748	353.607223	345.298230	332.842600	-139.754472	622.722029	54.580719	304.205054	768.699179	-6.849185	283.250802	313.919480	462.906075	385.862706	810.870989	141.236857	253.741529	649.329404	1845.830356	186.453985	-235.780214	350.235607	8.704570	
-27.555202	874.640860	608.511639	74.385154	-303.288370	709.023472	-63.882350	544.586058	617.185640	-49.768614	-231.597254	194.940949	141.143930	200.091955	290.274017	893.499450	604.152406	296.227240	612.769031	352.421823	816.001899	616.687334	-53.442858	250.779724	-257.734244	367.962176	897.251000	-361.564349	623.893991	-600.827195	-326.726231	-79.522870	2700.512232	-161.480496	75.162584	578.225639	
778.098169	153.911412	367.980196	227.821368	478.834665	182.519663	77.469056	226.901151	-72.159581	262.530858	547.291269	161.031525	-26.762407	118.160593	-563.122429	331.137712	252.126791	249.350523	-98.762889	45.826004	448.530979	392.913274	54.607558	58.220933	-287.513160	144.569710	4.394918	215.639204	283.945322	110.852471	0.262086	-383.567048	-205.976119	2492.455085	870.075572	683.321553	
360.337485	879.815955	503.722309	327.987802	549.641985	818.364314	355.352664	736.151118	505.501886	277.072143	444.439382	686.272434	-12.630523	30.444786	719.719796	595.631163	245.611532	252.956799	162.491913	62.610426	777.734884	793.952080	524.880184	1197.218662	-44.066232	661.486799	323.914365	623.359649	652.158707	247.491605	376.957326	183.176926	-549.004579	342.410394	1956.892817	467.534953	
-7.166738	697.684183	332.616560	635.301962	313.412452	1328.682632	672.799822	644.970015	517.354768	-835.990810	854.987751	788.476757	935.973943	911.109307	462.462038	-36.625922	1431.031529	561.862774	213.722991	-139.902775	605.275309	77.143719	648.057829	630.475930	-219.014417	613.834411	748.344217	-344.519671	970.311368	562.695349	296.999798	-158.791436	-53.097942	415.550647	528.088303	3448.107026	
