
Matrice A di dimensione 36 x 36:
-1.312072	-8.845636	-6.984082	1.904557	-7.905585	-3.606914	-2.655439	3.378994	1.187296	2.475463	9.343996	-8.894168	-4.884630	5.788053	2.875294	8.408589	9.529687	-6.887497	9.230358	-0.991677	4.932855	0.992357	6.288718	1.139937	-0.778616	8.620892	2.746844	-8.861853	9.453910	-5.153134	-5.224628	4.703651	2.560713	1.088295	4.540901	3.185742	
2.188127	-7.683062	-3.937773	8.677365	-4.795387	-9.036504	1.780707	-1.071619	-4.509321	4.798186	5.938107	7.911699	5.432723	4.860920	9.457355	1.482916	1.699909	9.299398	-1.257020	2.258650	-7.740855	-9.890326	5.782531	5.374921	2.189927	3.282139	4.855300	5.007756	3.121738	9.622088	9.398139	5.994036	8.512813	2.040392	-3.651177	3.045319	
-7.483804	-0.896892	1.838700	7.003740	-7.662375	-6.240994	5.393152	6.582758	7.848218	8.150402	2.621395	0.974337	-2.095672	3.786340	7.098155	-4.681139	0.906504	-9.115153	-5.071101	3.351097	-1.962347	4.974165	5.181731	4.004271	-9.042386	0.067066	5.101586	-4.019079	4.989491	-2.839971	-7.960804	1.668036	1.756638	-6.070755	5.485636	-6.073090	
-9.202229	8.844119	7.044306	3.807817	-9.616889	5.483124	-3.544082	6.144452	-0.510607	5.180088	1.544670	-6.190516	-7.669779	-3.206043	8.771898	2.482089	7.678968	8.657370	-7.433847	0.823275	3.456285	8.239358	6.788572	-3.672246	2.636735	7.347080	1.802811	-1.840337	5.076427	1.922819	-9.902770	2.170269	-9.840643	-6.404491	-8.768562	2.754325	
-3.874681	8.201215	5.543010	2.210052	-9.382665	-4.616690	3.154461	7.440005	-8.808033	5.463267	-3.107446	2.571452	6.878001	7.207933	8.001602	9.506676	5.912637	3.023221	-2.150376	-1.036938	0.589065	3.907575	9.497406	2.026328	3.301332	-3.033432	8.308959	9.679854	5.939872	7.964671	3.567443	8.840756	-5.880469	-9.675093	5.905907	3.442991	
3.972346	2.533268	5.179622	-5.728592	0.459389	1.891115	9.379771	5.140138	-6.218637	3.571623	-0.087411	-1.527235	-5.289774	5.649825	4.314822	3.101246	7.437359	6.401994	2.253894	-9.971504	-5.995871	1.649113	-3.645825	3.320188	-1.754986	3.196621	-6.413430	5.810891	8.136962	4.623745	-0.569856	6.946770	4.793525	-2.602380	1.195118	-7.103783	
-2.411991	3.566917	5.496394	2.882768	8.307735	2.218382	8.897011	6.732155	6.988040	-3.282730	5.824929	-3.352867	-7.701373	2.864164	8.582625	-9.532110	-7.310451	4.418985	-1.906404	5.624761	4.531392	-8.049952	3.267732	2.970322	6.749173	6.402692	4.028154	9.561065	8.056355	1.640138	-2.606567	8.422573	3.153380	0.240279	4.794796	0.963752	
6.252887	-2.520005	4.009119	1.564110	-8.116499	-8.340643	7.149915	9.863629	9.564355	-2.177170	4.486030	9.409557	5.856240	7.147335	5.827400	-5.850775	-2.374189	-1.782482	0.308952	2.399046	1.846621	7.806217	-6.012599	4.788247	3.431381	2.197453	4.070070	-2.471330	-1.642727	0.136952	2.055592	-3.393121	5.687411	-8.122858	7.023136	0.975683	
5.798786	-7.246878	2.949034	8.973888	8.873633	3.814715	-7.056103	6.810007	6.675358	-3.775773	-8.092381	7.733591	9.748996	-9.248752	6.805468	3.249559	-6.722700	-5.152293	-2.558929	5.708215	-3.345247	4.328150	6.536988	-0.974436	2.148307	0.797389	-7.116375	6.878197	5.392345	2.971220	9.407785	3.906461	4.957319	4.027606	-3.078452	0.216683	
-2.214710	2.694868	0.442855	8.188631	-0.449164	-6.124780	7.368087	-1.975414	1.911761	-4.471570	9.047529	9.031511	4.388507	4.323733	-9.118228	-4.959638	5.556578	-1.723199	4.842952	-4.392674	3.648261	-0.596215	-8.860664	0.423211	-7.972071	9.476720	-4.268993	-7.460168	-3.300647	3.554737	-9.435654	6.689917	8.846952	1.516971	2.822962	6.526553	
-4.869775	-4.386921	6.347164	8.550837	3.511980	-6.006931	6.785638	9.322007	2.404936	9.166150	-8.070851	0.043481	3.385432	7.356819	-3.658555	-0.962421	-6.466035	2.470098	-0.945225	7.918159	4.382208	2.861813	4.144005	-2.079047	-8.434401	-0.277882	-3.101354	1.419498	0.482889	-3.232219	-7.356324	3.296852	2.210074	5.151009	-4.437880	6.337084	
0.210796	-2.212139	1.197818	8.738230	9.290184	5.422016	-4.444224	0.203124	1.028886	0.864864	1.228020	7.338919	4.873535	4.560817	1.704809	-2.700927	7.460736	-1.115965	8.367875	5.011514	-6.124853	-9.620355	-0.251741	-8.892467	8.690707	1.321615	1.633535	7.560992	-3.586000	-2.190407	1.941510	4.164921	-6.587015	0.485901	5.515260	2.113275	
-1.297448	-9.139993	0.397620	3.134805	8.126906	0.336614	3.958080	-9.634692	6.480004	2.273694	0.855536	6.020738	2.164663	6.023158	8.344165	-6.841250	3.121344	9.121886	0.831015	8.677084	3.572056	8.413307	5.112179	-3.838725	0.147480	4.699749	-8.492887	-5.332222	5.906182	7.456285	1.116573	7.969266	-6.672713	-0.691106	-5.441220	5.675029	
9.476900	5.394785	-4.577774	0.893922	-7.990411	0.786756	1.776941	8.784375	3.169653	1.888483	-6.229247	0.180583	-0.659525	-6.709792	6.708156	2.079514	0.321922	-9.347869	4.414313	8.179510	4.265808	0.202022	-6.772587	-6.921926	-4.747275	3.832523	-8.265490	-8.133412	6.881441	2.923356	7.902961	8.339911	5.896284	6.487287	-6.250943	-6.987431	
-5.473894	-6.196950	0.668883	-9.365043	8.001900	6.100377	4.410707	0.760615	-9.383541	6.696243	4.904562	4.587096	-5.860177	-2.989667	2.055624	4.378891	2.567913	4.849367	5.018818	-8.070271	-2.427706	1.462837	-0.015293	2.818188	6.719568	9.827512	-0.622513	8.940596	2.510334	-8.081463	4.299514	-6.989086	4.132336	-8.276488	-9.159976	1.777302	
6.086790	2.546710	-4.745134	7.846074	1.096164	-5.255823	8.057052	9.524316	3.695679	0.089346	8.904637	5.362566	-5.404735	9.432018	-5.705479	-1.787482	-0.976047	0.124956	4.693980	4.276425	-7.598500	-3.186476	8.167693	-9.174917	-1.699615	3.627775	4.397157	-2.728037	-8.131291	-0.083348	8.043788	4.725010	3.770771	-5.290753	9.112048	3.759180	
1.705470	0.773435	7.394980	1.738665	0.689104	4.730311	3.679640	-0.657610	2.142523	6.590771	-9.154793	-0.053906	-1.092154	-0.101182	-8.806303	0.979358	4.608920	2.638568	-8.436043	1.707233	6.151857	3.118430	8.545829	8.917657	1.734474	8.539965	-4.456339	3.049442	3.551981	6.974750	-7.383930	-9.917420	-5.267491	7.991619	-6.688248	6.111940	
4.420594	-2.555520	6.145769	0.605357	-4.456116	8.225078	-9.945452	6.736102	3.119151	-7.003232	6.810337	9.003210	-0.873742	9.144242	-3.066370	4.984867	9.134645	7.127621	9.879876	-0.604086	7.917286	-6.274662	7.143668	3.881115	3.989250	7.007761	6.397152	-7.018971	-7.308364	-0.352222	-5.920947	6.314507	3.699165	8.501103	9.292318	7.830093	
6.509454	-1.303310	2.533368	4.844870	0.088255	4.373263	-7.518521	-6.632621	5.387521	3.808757	7.299089	7.813570	-8.607155	-6.062461	-2.116810	8.941994	-4.119142	0.341977	9.843243	0.931882	-9.124475	1.206980	4.734930	-6.001533	5.295040	-7.966837	7.211284	2.595505	-6.406295	3.238843	-4.397867	8.005744	8.333324	1.093772	5.890320	4.632077	
0.105792	-0.126359	-1.841720	4.557572	5.642482	0.466107	9.061027	0.584872	1.193387	9.764194	2.336036	-7.945173	-6.801245	-0.160566	-3.122639	1.763963	7.918648	2.290641	-7.908400	5.933340	5.196670	6.491330	3.790151	4.517345	-3.698703	4.158869	2.074461	6.830155	-0.882303	1.108072	1.008227	-6.166846	4.243266	6.999670	5.094251	9.794901	
8.137920	-6.316303	5.892134	-9.205873	-0.776878	8.232982	-2.699225	-2.867179	3.746400	2.736573	5.234634	4.781156	-4.477075	9.160594	9.885061	-2.325299	2.195718	-1.086645	5.702833	4.811049	1.712239	7.748374	2.703093	7.809933	2.930656	5.260895	-2.463442	-6.784419	6.714409	-0.790108	7.802119	7.813059	-2.942348	5.785720	1.112599	-1.099970	
4.197474	5.757737	-3.152033	-7.462704	-8.279500	2.822495	3.803588	-8.569684	8.060443	9.186375	0.532329	0.691390	8.624224	5.974115	2.194803	-4.698865	8.528533	2.633498	-1.019904	-6.799349	4.963390	7.763226	-1.412164	5.058911	9.732869	-5.807111	2.761636	-2.589173	7.085518	5.881174	-2.546405	6.685341	1.329008	9.624191	3.433674	6.808385	
3.817960	9.314467	4.129160	1.147758	6.051189	9.420688	8.781193	5.373855	3.666039	1.678610	5.481498	7.960405	4.770137	1.360357	6.302306	5.687255	2.433072	5.364643	-5.934159	7.582445	8.609072	6.683493	-1.301914	-0.208991	-9.396925	0.027520	8.612579	1.588481	-6.177902	7.874345	9.035366	6.263379	-3.508386	-6.289975	6.354735	-1.658949	
0.621183	-1.247319	-9.042277	4.065967	7.045672	4.342064	3.786897	5.646838	-0.828758	3.622233	-2.359525	0.988347	8.460580	3.800645	4.863038	6.261771	3.492774	-1.668477	1.524061	5.901993	7.477012	-9.568628	6.642124	6.654502	3.435764	-7.311257	9.683172	3.607784	-7.438943	-6.226309	-5.657435	-7.848906	3.110536	-5.309350	-9.417138	-5.699509	
-2.932913	-4.002698	-5.480121	2.646965	9.422199	4.585311	8.557733	6.587221	5.114086	5.092604	3.258339	9.110311	-1.951191	0.308811	9.080275	-5.094653	1.517481	4.948993	-2.595765	-1.268502	6.134500	-1.302401	1.383444	9.076736	2.603815	5.299127	-6.902729	-0.272856	7.034627	6.552973	-7.124723	5.591263	1.709450	6.798110	-2.345437	-1.044298	
-1.951866	3.693271	-1.982330	-7.714460	0.098804	-1.959444	1.411250	9.415953	8.642236	-6.650513	0.460999	-5.376037	0.629976	5.607948	2.770767	4.697597	-5.356823	8.578955	6.347415	9.478143	-2.015119	3.308464	6.339869	5.623595	-2.899987	-5.609409	8.472819	8.756169	8.068840	4.436277	-0.193878	-5.267577	2.435250	0.437252	-6.795548	7.784023	
6.820054	-8.066526	8.037065	0.425664	9.827564	4.558351	7.585663	-2.882938	0.217391	4.536997	7.731754	9.176929	8.735315	3.133383	-2.364263	-7.666738	7.188961	4.884671	3.823812	3.555549	6.427774	9.395063	-4.548732	1.120627	9.102104	-2.448213	-6.539232	-5.059209	5.899448	-9.840065	9.479556	-4.092571	6.953894	7.618777	-9.954883	7.657561	
4.789879	2.728516	-2.353675	5.450858	9.808270	8.436218	6.207625	-6.450781	1.658989	7.772149	-6.056175	2.353303	2.614341	-8.972726	9.528917	9.782377	2.294900	8.681860	1.636617	4.437076	5.720879	-3.535735	1.839867	-5.026331	-1.203152	3.795134	0.237517	8.961295	8.161462	7.220255	-2.210322	1.149447	9.365348	1.393561	7.542974	6.472992	
6.370113	7.919458	5.118563	3.295822	-7.910410	-8.743790	-1.422697	6.198170	-2.088712	8.912933	-3.571042	1.523652	3.691307	1.578675	0.367904	-6.862003	7.591922	5.864462	1.460613	-4.392241	2.623987	-6.817164	6.924665	6.274075	-5.404291	-9.674135	-3.631036	6.719798	9.471238	3.693921	7.314371	-7.700328	9.646822	8.114221	-3.241317	1.086118	
7.663310	5.185106	5.775269	-3.579224	8.310937	9.187343	-7.879903	7.853758	-1.726992	9.886365	0.997697	9.863602	2.984995	-1.334162	1.791789	-0.342570	-1.290294	8.260434	0.895688	-0.983135	3.191674	2.557442	-2.409971	3.305765	5.857255	2.493126	-0.119653	5.112914	6.808265	7.841814	2.644727	-5.657720	7.245001	-1.384399	-5.306479	7.491698	
4.526771	0.556149	-2.589843	1.470961	6.725559	-7.104368	2.778804	9.189418	2.222363	-7.572307	7.184806	6.635763	4.914088	-8.094951	3.821274	0.325121	-1.475155	6.406930	6.572889	9.670788	3.227722	-3.021849	-5.642005	-8.616371	6.259042	9.768603	1.567481	-7.415523	6.937490	6.559391	2.931955	1.735410	1.394208	0.891171	0.018373	-0.124958	
3.878981	-4.627407	-6.774937	9.261211	-8.879465	2.966375	-8.301725	-5.040505	7.268927	-1.476291	8.288086	-3.183416	6.824531	2.644714	9.145361	0.075432	-5.580617	-1.769747	3.173023	-5.984601	7.611120	0.285627	9.189428	2.245056	0.227004	2.723755	4.727045	5.996991	0.834375	4.348689	-2.628242	-1.302535	2.785586	6.535303	-8.864620	1.404899	
9.443542	2.940185	4.750617	-9.870234	7.504965	-5.435761	9.577071	5.603851	2.246350	-4.212041	3.733599	-1.485262	5.900797	3.059427	-0.618706	8.977396	5.949905	3.502395	7.329404	5.413079	-8.353786	1.248182	9.081362	1.597076	-9.181503	1.857162	7.854833	4.042097	1.093774	6.712677	-7.184696	5.332349	6.494239	-5.291637	-0.985412	0.544061	
1.406001	-6.309865	-7.904919	3.897428	4.748106	-7.241994	5.934083	9.211644	-4.313177	1.247232	-7.247005	-0.587207	-3.887989	-5.147222	8.929316	5.678822	8.346036	-5.771748	-1.527516	0.078435	-4.097099	7.655136	-3.219088	1.311231	4.905499	-7.684462	-7.925371	-8.389795	-2.320820	-5.523580	4.645746	7.545892	-5.918166	5.260124	7.862976	-2.784326	
2.805174	5.320248	2.453242	7.925240	1.991509	2.273316	8.760242	7.350927	2.846985	-6.277054	0.047532	-2.713626	3.718432	0.473969	-3.429889	3.752591	4.915805	-2.876281	3.325799	9.685047	7.627016	-7.572580	-4.461418	6.315862	-1.409141	4.822322	-1.233261	3.323042	4.580987	3.372545	2.663665	6.605703	7.492801	-6.606205	5.029590	-8.336438	
-4.049468	-7.201344	-5.529353	9.472287	1.225362	7.568122	3.062344	8.538068	-2.076104	-4.525028	5.904731	2.962856	-2.523419	6.127126	1.348985	-0.165998	-1.474908	-7.842715	6.236818	-1.020748	8.398987	2.539079	1.307647	-4.966360	-0.373914	6.927567	0.164242	9.030031	2.770454	-5.135993	8.390028	5.293059	1.076368	-2.948665	3.808159	3.346150	

Matrice B di dimensione 36 x 36:
-1.312072	2.188127	-7.483804	-9.202229	-3.874681	3.972346	-2.411991	6.252887	5.798786	-2.214710	-4.869775	0.210796	-1.297448	9.476900	-5.473894	6.086790	1.705470	4.420594	6.509454	0.105792	8.137920	4.197474	3.817960	0.621183	-2.932913	-1.951866	6.820054	4.789879	6.370113	7.663310	4.526771	3.878981	9.443542	1.406001	2.805174	-4.049468	
-8.845636	-7.683062	-0.896892	8.844119	8.201215	2.533268	3.566917	-2.520005	-7.246878	2.694868	-4.386921	-2.212139	-9.139993	5.394785	-6.196950	2.546710	0.773435	-2.555520	-1.303310	-0.126359	-6.316303	5.757737	9.314467	-1.247319	-4.002698	3.693271	-8.066526	2.728516	7.919458	5.185106	0.556149	-4.627407	2.940185	-6.309865	5.320248	-7.201344	
-6.984082	-3.937773	1.838700	7.044306	5.543010	5.179622	5.496394	4.009119	2.949034	0.442855	6.347164	1.197818	0.397620	-4.577774	0.668883	-4.745134	7.394980	6.145769	2.533368	-1.841720	5.892134	-3.152033	4.129160	-9.042277	-5.480121	-1.982330	8.037065	-2.353675	5.118563	5.775269	-2.589843	-6.774937	4.750617	-7.904919	2.453242	-5.529353	
1.904557	8.677365	7.003740	3.807817	2.210052	-5.728592	2.882768	1.564110	8.973888	8.188631	8.550837	8.738230	3.134805	0.893922	-9.365043	7.846074	1.738665	0.605357	4.844870	4.557572	-9.205873	-7.462704	1.147758	4.065967	2.646965	-7.714460	0.425664	5.450858	3.295822	-3.579224	1.470961	9.261211	-9.870234	3.897428	7.925240	9.472287	
-7.905585	-4.795387	-7.662375	-9.616889	-9.382665	0.459389	8.307735	-8.116499	8.873633	-0.449164	3.511980	9.290184	8.126906	-7.990411	8.001900	1.096164	0.689104	-4.456116	0.088255	5.642482	-0.776878	-8.279500	6.051189	7.045672	9.422199	0.098804	9.827564	9.808270	-7.910410	8.310937	6.725559	-8.879465	7.504965	4.748106	1.991509	1.225362	
-3.606914	-9.036504	-6.240994	5.483124	-4.616690	1.891115	2.218382	-8.340643	3.814715	-6.124780	-6.006931	5.422016	0.336614	0.786756	6.100377	-5.255823	4.730311	8.225078	4.373263	0.466107	8.232982	2.822495	9.420688	4.342064	4.585311	-1.959444	4.558351	8.436218	-8.743790	9.187343	-7.104368	2.966375	-5.435761	-7.241994	2.273316	7.568122	
-2.655439	1.780707	5.393152	-3.544082	3.154461	9.379771	8.897011	7.149915	-7.056103	7.368087	6.785638	-4.444224	3.958080	1.776941	4.410707	8.057052	3.679640	-9.945452	-7.518521	9.061027	-2.699225	3.803588	8.781193	3.786897	8.557733	1.411250	7.585663	6.207625	-1.422697	-7.879903	2.778804	-8.301725	9.577071	5.934083	8.760242	3.062344	
3.378994	-1.071619	6.582758	6.144452	7.440005	5.140138	6.732155	9.863629	6.810007	-1.975414	9.322007	0.203124	-9.634692	8.784375	0.760615	9.524316	-0.657610	6.736102	-6.632621	0.584872	-2.867179	-8.569684	5.373855	5.646838	6.587221	9.415953	-2.882938	-6.450781	6.198170	7.853758	9.189418	-5.040505	5.603851	9.211644	7.350927	8.538068	
1.187296	-4.509321	7.848218	-0.510607	-8.808033	-6.218637	6.988040	9.564355	6.675358	1.911761	2.404936	1.028886	6.480004	3.169653	-9.383541	3.695679	2.142523	3.119151	5.387521	1.193387	3.746400	8.060443	3.666039	-0.828758	5.114086	8.642236	0.217391	1.658989	-2.088712	-1.726992	2.222363	7.268927	2.246350	-4.313177	2.846985	-2.076104	
2.475463	4.798186	8.150402	5.180088	5.463267	3.571623	-3.282730	-2.177170	-3.775773	-4.471570	9.166150	0.864864	2.273694	1.888483	6.696243	0.089346	6.590771	-7.003232	3.808757	9.764194	2.736573	9.186375	1.678610	3.622233	5.092604	-6.650513	4.536997	7.772149	8.912933	9.886365	-7.572307	-1.476291	-4.212041	1.247232	-6.277054	-4.525028	
9.343996	5.938107	2.621395	1.544670	-3.107446	-0.087411	5.824929	4.486030	-8.092381	9.047529	-8.070851	1.228020	0.855536	-6.229247	4.904562	8.904637	-9.154793	6.810337	7.299089	2.336036	5.234634	0.532329	5.481498	-2.359525	3.258339	0.460999	7.731754	-6.056175	-3.571042	0.997697	7.184806	8.288086	3.733599	-7.247005	0.047532	5.904731	
-8.894168	7.911699	0.974337	-6.190516	2.571452	-1.527235	-3.352867	9.409557	7.733591	9.031511	0.043481	7.338919	6.020738	0.180583	4.587096	5.362566	-0.053906	9.003210	7.813570	-7.945173	4.781156	0.691390	7.960405	0.988347	9.110311	-5.376037	9.176929	2.353303	1.523652	9.863602	6.635763	-3.183416	-1.485262	-0.587207	-2.713626	2.962856	
-4.884630	5.432723	-2.095672	-7.669779	6.878001	-5.289774	-7.701373	5.856240	9.748996	4.388507	3.385432	4.873535	2.164663	-0.659525	-5.860177	-5.404735	-1.092154	-0.873742	-8.607155	-6.801245	-4.477075	8.624224	4.770137	8.460580	-1.951191	0.629976	8.735315	2.614341	3.691307	2.984995	4.914088	6.824531	5.900797	-3.887989	3.718432	-2.523419	
5.788053	4.860920	3.786340	-3.206043	7.207933	5.649825	2.864164	7.147335	-9.248752	4.323733	7.356819	4.560817	6.023158	-6.709792	-2.989667	9.432018	-0.101182	9.144242	-6.062461	-0.160566	9.160594	5.974115	1.360357	3.800645	0.308811	5.607948	3.133383	-8.972726	1.578675	-1.334162	-8.094951	2.644714	3.059427	-5.147222	0.473969	6.127126	
2.875294	9.457355	7.098155	8.771898	8.001602	4.314822	8.582625	5.827400	6.805468	-9.118228	-3.658555	1.704809	8.344165	6.708156	2.055624	-5.705479	-8.806303	-3.066370	-2.116810	-3.122639	9.885061	2.194803	6.302306	4.863038	9.080275	2.770767	-2.364263	9.528917	0.367904	1.791789	3.821274	9.145361	-0.618706	8.929316	-3.429889	1.348985	
8.408589	1.482916	-4.681139	2.482089	9.506676	3.101246	-9.532110	-5.850775	3.249559	-4.959638	-0.962421	-2.700927	-6.841250	2.079514	4.378891	-1.787482	0.979358	4.984867	8.941994	1.763963	-2.325299	-4.698865	5.687255	6.261771	-5.094653	4.697597	-7.666738	9.782377	-6.862003	-0.342570	0.325121	0.075432	8.977396	5.678822	3.752591	-0.165998	
9.529687	1.699909	0.906504	7.678968	5.912637	7.437359	-7.310451	-2.374189	-6.722700	5.556578	-6.466035	7.460736	3.121344	0.321922	2.567913	-0.976047	4.608920	9.134645	-4.119142	7.918648	2.195718	8.528533	2.433072	3.492774	1.517481	-5.356823	7.188961	2.294900	7.591922	-1.290294	-1.475155	-5.580617	5.949905	8.346036	4.915805	-1.474908	
-6.887497	9.299398	-9.115153	8.657370	3.023221	6.401994	4.418985	-1.782482	-5.152293	-1.723199	2.470098	-1.115965	9.121886	-9.347869	4.849367	0.124956	2.638568	7.127621	0.341977	2.290641	-1.086645	2.633498	5.364643	-1.668477	4.948993	8.578955	4.884671	8.681860	5.864462	8.260434	6.406930	-1.769747	3.502395	-5.771748	-2.876281	-7.842715	
9.230358	-1.257020	-5.071101	-7.433847	-2.150376	2.253894	-1.906404	0.308952	-2.558929	4.842952	-0.945225	8.367875	0.831015	4.414313	5.018818	4.693980	-8.436043	9.879876	9.843243	-7.908400	5.702833	-1.019904	-5.934159	1.524061	-2.595765	6.347415	3.823812	1.636617	1.460613	0.895688	6.572889	3.173023	7.329404	-1.527516	3.325799	6.236818	
-0.991677	2.258650	3.351097	0.823275	-1.036938	-9.971504	5.624761	2.399046	5.708215	-4.392674	7.918159	5.011514	8.677084	8.179510	-8.070271	4.276425	1.707233	-0.604086	0.931882	5.933340	4.811049	-6.799349	7.582445	5.901993	-1.268502	9.478143	3.555549	4.437076	-4.392241	-0.983135	9.670788	-5.984601	5.413079	0.078435	9.685047	-1.020748	
4.932855	-7.740855	-1.962347	3.456285	0.589065	-5.995871	4.531392	1.846621	-3.345247	3.648261	4.382208	-6.124853	3.572056	4.265808	-2.427706	-7.598500	6.151857	7.917286	-9.124475	5.196670	1.712239	4.963390	8.609072	7.477012	6.134500	-2.015119	6.427774	5.720879	2.623987	3.191674	3.227722	7.611120	-8.353786	-4.097099	7.627016	8.398987	
0.992357	-9.890326	4.974165	8.239358	3.907575	1.649113	-8.049952	7.806217	4.328150	-0.596215	2.861813	-9.620355	8.413307	0.202022	1.462837	-3.186476	3.118430	-6.274662	1.206980	6.491330	7.748374	7.763226	6.683493	-9.568628	-1.302401	3.308464	9.395063	-3.535735	-6.817164	2.557442	-3.021849	0.285627	1.248182	7.655136	-7.572580	2.539079	
6.288718	5.782531	5.181731	6.788572	9.497406	-3.645825	3.267732	-6.012599	6.536988	-8.860664	4.144005	-0.251741	5.112179	-6.772587	-0.015293	8.167693	8.545829	7.143668	4.734930	3.790151	2.703093	-1.412164	-1.301914	6.642124	1.383444	6.339869	-4.548732	1.839867	6.924665	-2.409971	-5.642005	9.189428	9.081362	-3.219088	-4.461418	1.307647	
1.139937	5.374921	4.004271	-3.672246	2.026328	3.320188	2.970322	4.788247	-0.974436	0.423211	-2.079047	-8.892467	-3.838725	-6.921926	2.818188	-9.174917	8.917657	3.881115	-6.001533	4.517345	7.809933	5.058911	-0.208991	6.654502	9.076736	5.623595	1.120627	-5.026331	6.274075	3.305765	-8.616371	2.245056	1.597076	1.311231	6.315862	-4.966360	
-0.778616	2.189927	-9.042386	2.636735	3.301332	-1.754986	6.749173	3.431381	2.148307	-7.972071	-8.434401	8.690707	0.147480	-4.747275	6.719568	-1.699615	1.734474	3.989250	5.295040	-3.698703	2.930656	9.732869	-9.396925	3.435764	2.603815	-2.899987	9.102104	-1.203152	-5.404291	5.857255	6.259042	0.227004	-9.181503	4.905499	-1.409141	-0.373914	
8.620892	3.282139	0.067066	7.347080	-3.033432	3.196621	6.402692	2.197453	0.797389	9.476720	-0.277882	1.321615	4.699749	3.832523	9.827512	3.627775	8.539965	7.007761	-7.966837	4.158869	5.260895	-5.807111	0.027520	-7.311257	5.299127	-5.609409	-2.448213	3.795134	-9.674135	2.493126	9.768603	2.723755	1.857162	-7.684462	4.822322	6.927567	
2.746844	4.855300	5.101586	1.802811	8.308959	-6.413430	4.028154	4.070070	-7.116375	-4.268993	-3.101354	1.633535	-8.492887	-8.265490	-0.622513	4.397157	-4.456339	6.397152	7.211284	2.074461	-2.463442	2.761636	8.612579	9.683172	-6.902729	8.472819	-6.539232	0.237517	-3.631036	-0.119653	1.567481	4.727045	7.854833	-7.925371	-1.233261	0.164242	
-8.861853	5.007756	-4.019079	-1.840337	9.679854	5.810891	9.561065	-2.471330	6.878197	-7.460168	1.419498	7.560992	-5.332222	-8.133412	8.940596	-2.728037	3.049442	-7.018971	2.595505	6.830155	-6.784419	-2.589173	1.588481	3.607784	-0.272856	8.756169	-5.059209	8.961295	6.719798	5.112914	-7.415523	5.996991	4.042097	-8.389795	3.323042	9.030031	
9.453910	3.121738	4.989491	5.076427	5.939872	8.136962	8.056355	-1.642727	5.392345	-3.300647	0.482889	-3.586000	5.906182	6.881441	2.510334	-8.131291	3.551981	-7.308364	-6.406295	-0.882303	6.714409	7.085518	-6.177902	-7.438943	7.034627	8.068840	5.899448	8.161462	9.471238	6.808265	6.937490	0.834375	1.093774	-2.320820	4.580987	2.770454	
-5.153134	9.622088	-2.839971	1.922819	7.964671	4.623745	1.640138	0.136952	2.971220	3.554737	-3.232219	-2.190407	7.456285	2.923356	-8.081463	-0.083348	6.974750	-0.352222	3.238843	1.108072	-0.790108	5.881174	7.874345	-6.226309	6.552973	4.436277	-9.840065	7.220255	3.693921	7.841814	6.559391	4.348689	6.712677	-5.523580	3.372545	-5.135993	
-5.224628	9.398139	-7.960804	-9.902770	3.567443	-0.569856	-2.606567	2.055592	9.407785	-9.435654	-7.356324	1.941510	1.116573	7.902961	4.299514	8.043788	-7.383930	-5.920947	-4.397867	1.008227	7.802119	-2.546405	9.035366	-5.657435	-7.124723	-0.193878	9.479556	-2.210322	7.314371	2.644727	2.931955	-2.628242	-7.184696	4.645746	2.663665	8.390028	
4.703651	5.994036	1.668036	2.170269	8.840756	6.946770	8.422573	-3.393121	3.906461	6.689917	3.296852	4.164921	7.969266	8.339911	-6.989086	4.725010	-9.917420	6.314507	8.005744	-6.166846	7.813059	6.685341	6.263379	-7.848906	5.591263	-5.267577	-4.092571	1.149447	-7.700328	-5.657720	1.735410	-1.302535	5.332349	7.545892	6.605703	5.293059	
2.560713	8.512813	1.756638	-9.840643	-5.880469	4.793525	3.153380	5.687411	4.957319	8.846952	2.210074	-6.587015	-6.672713	5.896284	4.132336	3.770771	-5.267491	3.699165	8.333324	4.243266	-2.942348	1.329008	-3.508386	3.110536	1.709450	2.435250	6.953894	9.365348	9.646822	7.245001	1.394208	2.785586	6.494239	-5.918166	7.492801	1.076368	
1.088295	2.040392	-6.070755	-6.404491	-9.675093	-2.602380	0.240279	-8.122858	4.027606	1.516971	5.151009	0.485901	-0.691106	6.487287	-8.276488	-5.290753	7.991619	8.501103	1.093772	6.999670	5.785720	9.624191	-6.289975	-5.309350	6.798110	0.437252	7.618777	1.393561	8.114221	-1.384399	0.891171	6.535303	-5.291637	5.260124	-6.606205	-2.948665	
4.540901	-3.651177	5.485636	-8.768562	5.905907	1.195118	4.794796	7.023136	-3.078452	2.822962	-4.437880	5.515260	-5.441220	-6.250943	-9.159976	9.112048	-6.688248	9.292318	5.890320	5.094251	1.112599	3.433674	6.354735	-9.417138	-2.345437	-6.795548	-9.954883	7.542974	-3.241317	-5.306479	0.018373	-8.864620	-0.985412	7.862976	5.029590	3.808159	
3.185742	3.045319	-6.073090	2.754325	3.442991	-7.103783	0.963752	0.975683	0.216683	6.526553	6.337084	2.113275	5.675029	-6.987431	1.777302	3.759180	6.111940	7.830093	4.632077	9.794901	-1.099970	6.808385	-1.658949	-5.699509	-1.044298	7.784023	7.657561	6.472992	1.086118	7.491698	-0.124958	1.404899	0.544061	-2.784326	-8.336438	3.346150	

Risultato:
Matrice C di dimensione 36 x 36:
2267.662804	245.909082	476.247137	532.010830	201.516641	361.432511	185.487219	341.782888	-43.368424	425.814045	-221.466220	-291.704074	358.075462	501.280183	-33.211802	736.405640	-379.246702	1106.636423	709.323379	270.691364	864.269990	755.201455	-321.975396	578.140336	151.615009	55.180200	-15.420031	-173.956019	-365.289649	-450.499764	371.259551	169.013082	-153.911070	249.937591	600.143621	231.875357	
144.006134	2420.420399	525.586811	533.465582	437.196273	298.969464	-269.017933	890.065856	241.795208	129.518599	-81.723751	-77.169579	372.236800	17.337976	284.680839	830.697065	355.811298	438.240173	604.113845	346.293666	171.778759	381.739747	474.155295	258.221841	233.910759	650.493150	243.986970	670.600020	726.142580	287.940736	350.230971	134.462956	743.725792	34.376879	867.378779	131.849199	
689.567224	416.813157	2473.422638	722.424167	267.134891	285.723793	676.118099	1062.566420	-460.492154	800.973848	370.754004	306.294292	722.327441	534.059967	-250.425675	914.592118	456.703134	725.578224	385.833680	509.555330	-25.295228	520.758168	589.120817	-136.808638	358.961395	364.121512	-468.854396	578.192297	565.088551	-431.116217	-541.784558	-248.913994	741.642026	565.463599	648.913633	893.694237	
236.160282	542.142456	590.888290	2350.470274	867.409874	282.789184	360.642701	395.028931	-360.681941	-246.938644	19.387523	-73.711311	103.145765	90.479105	-53.221757	348.599977	297.998759	538.790689	472.048414	153.945922	51.922308	228.077540	4.792291	24.993878	380.616778	-19.940720	-454.573141	255.658129	53.144483	-88.521634	62.260401	139.309161	413.335192	-29.334072	-204.527333	170.048723	
134.405067	716.728339	231.975143	444.749243	2575.665404	619.217223	4.722689	126.155985	255.160213	382.859052	176.077669	256.316169	58.752312	262.733113	399.285339	106.242423	248.690163	469.083694	-183.187730	-34.092401	674.398431	704.404173	495.641703	541.953253	-155.382924	476.725465	-423.175746	690.697446	562.182952	254.824905	-67.636635	11.715054	648.437381	16.196068	461.878536	583.632394	
486.069821	497.447650	8.274743	316.560763	247.394793	2162.812048	-31.374072	224.871344	80.183446	579.115501	-229.520395	46.723556	223.671521	661.351005	492.311454	499.119437	90.175871	465.963290	-189.143987	507.416661	520.208877	1009.582377	325.902550	239.653094	106.878307	162.797550	143.882393	335.765738	163.313436	78.013086	-35.017431	-514.269673	328.495185	88.853004	812.678070	211.074756	
358.661473	556.505435	631.907745	216.175774	-362.853706	110.568265	2402.953731	767.461814	328.430481	65.391924	407.376980	691.203141	835.944413	391.697568	-154.792848	701.209959	-237.450407	855.184023	682.107611	108.701811	682.045185	337.250150	335.301352	331.234902	618.988070	629.388727	209.105176	564.163880	640.286102	261.302118	871.600960	317.174528	516.713595	-418.773805	551.748931	733.191184	
339.756653	715.895230	1264.145275	318.848010	364.206436	250.176680	404.971990	1848.904918	-50.613341	561.851481	92.160217	177.270287	349.602156	637.549872	-247.452202	1276.296324	241.366538	811.310611	576.473426	151.152647	460.360883	436.442784	233.032828	162.645923	292.429476	256.592828	382.600633	268.373876	317.425236	211.712617	148.828751	-47.594140	637.399770	429.474035	469.887371	479.713778	
156.922665	324.636925	102.276610	-151.397871	125.121431	72.870064	50.409742	207.264830	2085.219801	157.969678	86.450969	226.001597	485.838726	753.804580	126.099903	292.869852	118.292564	159.086196	585.250479	-102.206409	713.162988	387.860224	135.752898	644.156881	460.840430	261.335033	588.248602	37.878176	5.890302	534.056420	69.927119	135.061052	88.925293	496.353841	814.539650	225.582009	
672.816607	55.473918	695.362879	-42.537801	-72.494281	215.219424	-54.887691	454.191098	-301.559259	2278.213478	-256.350192	576.249239	572.789014	237.595134	69.463120	697.066956	42.091749	1027.920206	7.785912	111.453805	181.478490	940.571422	394.236487	-313.525306	269.159526	-63.085841	405.563111	88.306247	523.956002	-226.690534	311.746452	224.124017	657.993660	-121.680596	1024.558321	589.520320	
49.384979	410.700629	437.230481	104.739630	-350.648419	12.793932	580.621924	-252.964100	-177.758283	111.326893	1889.688440	98.628868	432.447150	266.743029	-543.645939	236.079921	341.995380	-151.835063	-139.756498	307.200801	103.321671	-172.983353	84.223578	171.846532	-265.818744	193.351176	-253.189865	627.750616	77.379361	289.976634	-179.962642	145.749304	-9.698088	-115.744118	10.431802	120.980689	
-142.462266	318.699157	260.821163	-523.904709	-44.315511	-218.720378	481.837532	199.721568	238.204841	215.636867	-144.952015	2310.245300	714.124858	352.215482	311.907761	668.892302	-336.624085	396.404812	535.197133	227.931969	408.968915	99.471600	826.342793	841.329859	385.954882	637.396340	557.860500	59.994845	257.116152	-76.417731	324.039015	481.962752	530.975409	-125.582249	354.720104	1107.231142	
122.832726	483.121845	461.494036	220.022782	-322.947794	-405.909909	577.593273	361.045393	261.398878	-333.279321	1024.698138	340.478814	2952.833248	404.503425	342.024454	96.950891	189.582536	440.862680	276.038627	184.199830	897.908160	-77.053499	296.411927	233.692607	992.255353	880.834240	835.290183	740.611723	-639.283991	426.186345	-136.415153	484.307782	-302.376319	-393.953201	-411.176530	124.344796	
518.074093	-43.231162	668.814932	-466.345628	-140.586305	526.826795	451.113248	450.749817	391.864183	350.340750	-101.434536	633.066702	777.881382	2950.366694	-428.499528	1002.218835	-309.448195	822.070557	398.687102	-34.981151	703.348935	822.828658	509.434749	385.767858	-50.764808	402.301195	254.442117	872.250136	676.491613	30.575780	334.394177	372.970707	458.658716	315.721976	324.583473	786.335711	
32.850323	358.180478	-12.663986	344.405970	-135.422298	394.067800	-300.991652	79.066912	67.115036	-50.710323	-645.087782	176.547928	274.305439	-420.748590	2216.014576	-386.141118	297.448864	236.417871	35.326089	686.797943	45.763893	550.699948	507.823081	561.970936	290.694789	588.079884	337.876619	234.258598	-145.404675	739.142795	242.039297	80.285350	-28.338153	62.958968	-61.176822	352.953755	
199.206066	882.013647	881.087937	91.863093	510.548743	157.157856	467.694890	784.791768	-317.460650	505.424607	216.713468	887.394441	169.948118	564.189847	-326.789166	2349.020481	-352.840307	806.257234	928.587301	432.645353	56.746209	-42.948484	552.813904	102.863434	-62.820525	298.746505	-45.945769	823.352399	227.322470	-421.987121	342.417210	35.497383	932.579636	244.824075	260.204368	860.804011	
-45.484419	240.945286	651.147813	714.611276	-37.323917	92.815133	-194.519328	-93.873285	-90.730163	396.062564	192.622690	-313.731237	72.755468	-338.102487	31.625169	-164.668683	2517.606636	491.913434	75.389992	618.035765	-270.255037	487.726142	-276.875227	384.814692	629.551690	505.508962	286.597938	117.378463	357.717705	939.337778	18.498555	168.520135	-242.803211	767.431434	292.620648	-109.223047	
479.754489	530.186256	361.271421	317.059360	149.530558	137.613672	939.579688	469.692392	-180.987039	647.382694	384.378481	96.680927	425.455331	468.322930	-388.231682	1108.750334	201.115702	3517.868849	1189.341671	374.503100	824.461325	908.309696	-117.136047	342.478458	-332.716504	550.318563	350.326756	748.003861	-9.178478	106.510841	269.927761	307.273802	533.612042	135.558015	326.514591	599.970310	
240.591028	536.070670	329.839230	112.060732	252.850686	-122.742971	157.212997	376.339595	243.207418	-262.627637	-190.280842	54.852463	111.524031	80.786996	-390.205770	1099.175658	-92.249637	1059.871732	2348.399025	100.455018	-113.429198	168.477592	93.471608	-195.806564	141.390012	186.127867	-13.603321	893.882537	-276.315322	-37.403108	137.955651	264.012563	241.845878	124.562732	-269.376595	70.474536	
-27.386049	294.343982	729.213333	176.699843	-25.599204	367.892745	-58.886630	513.751377	-14.842219	294.035872	-164.760066	104.715705	-30.982420	444.462744	330.182784	763.186624	766.542430	322.874933	207.952965	2385.078772	-355.543158	778.476131	712.949027	321.519862	-140.789520	762.253017	205.712348	1026.738910	410.336701	85.474678	-364.002173	-148.544925	243.850734	324.315606	299.300855	216.111484	
629.075299	385.939348	153.038263	66.501427	-57.694720	46.359748	467.361509	165.175527	212.696302	-306.967064	52.314886	148.001299	897.587709	632.707247	436.035051	72.659072	-405.906595	479.306352	632.272232	-120.803207	2117.584820	857.385355	574.057139	206.639698	34.417041	66.443286	343.729121	33.196481	-137.256585	489.375482	-18.149218	529.516730	263.209765	380.992513	83.698596	109.196833	
430.737744	143.840839	753.683480	242.210714	57.430647	445.993058	618.216613	496.896174	85.827154	809.028027	-246.072609	69.362150	821.034521	546.588969	208.481485	185.098009	52.146022	1394.262373	450.826843	430.917522	933.503535	2476.230795	83.436289	14.306323	222.838923	527.922267	249.008283	282.142533	593.907067	190.408234	-514.345693	509.340658	224.256390	295.562766	312.451676	-5.786169	
-335.162755	3.837988	152.811124	-124.973049	7.868185	68.154926	410.040712	751.779348	109.597153	51.057852	-88.304405	1108.533837	544.443341	530.958215	160.406696	347.704873	-414.329858	81.893528	120.236588	589.958856	16.351823	304.261539	2676.198119	355.431694	487.215020	445.070849	23.520665	381.911989	459.680605	289.547242	363.113502	70.590777	885.518107	-464.369404	687.998517	593.022825	
557.058055	357.876021	59.835470	-298.940601	231.769197	198.301163	-256.533496	-70.746388	27.222111	-396.935440	55.754491	494.600459	67.307276	695.656937	272.122249	123.305768	-43.351338	198.081166	215.655675	161.661532	438.438594	455.055217	-161.498135	3167.827480	-41.955899	575.940949	95.301237	-161.143426	-333.030348	56.816211	154.127874	424.590669	-64.317788	-228.659646	3.522832	70.937853	
158.411463	397.830716	764.840358	346.156977	-178.837100	475.749465	399.908167	397.502300	490.747292	601.073744	138.667571	274.394316	1043.269198	-25.557189	330.094674	6.792802	709.766572	31.892738	92.655293	188.534524	130.877662	328.654731	335.739103	179.723860	2235.651245	210.277793	505.754288	-54.644912	111.011935	405.154963	341.106935	80.375222	-238.359023	473.177472	278.427726	474.538650	
-433.879516	653.829431	385.343161	-110.953103	346.181500	-71.657919	239.795093	440.267016	472.187736	-138.721028	184.903623	63.510132	448.218521	145.730625	419.055393	365.031884	217.210992	537.777740	364.101703	420.155488	-17.399782	521.301341	545.192967	523.866725	228.236254	2497.157878	-59.522368	724.180390	454.462424	61.548727	-32.056638	406.656168	1072.518092	-778.414801	97.764617	384.047035	
-193.216066	79.819035	-124.298878	-701.870399	-393.335251	-308.775359	-403.296205	431.918947	286.381114	277.790326	250.673867	356.602126	1018.648861	212.459390	652.621830	85.111579	430.021022	477.144166	-134.480364	116.762767	1027.951649	324.127134	452.350167	644.374324	84.181653	116.909566	3078.826901	50.999773	337.729627	619.876127	523.049309	188.787555	455.117548	317.139254	450.553837	73.447706	
-286.599523	706.327621	445.679272	297.835873	655.923150	182.876311	745.710241	418.367513	450.486514	-28.009274	527.342895	573.807938	1063.032692	849.069380	31.974426	1003.640682	122.843464	1441.391545	923.342863	894.617957	149.253083	665.065796	693.138402	113.576638	-8.578335	499.334019	191.192245	2915.682495	485.808233	172.904886	539.327962	106.417391	739.159322	-393.794449	605.436170	436.923103	
-264.159423	800.595701	601.352951	-37.410587	781.060789	-160.007420	512.490144	852.246214	376.552823	703.195607	-67.389927	627.255805	6.340465	607.835350	-3.354697	325.804537	584.764652	440.414805	34.079232	152.255991	-88.886734	490.278986	472.416875	-178.998013	136.930768	664.875112	509.588060	780.437506	2781.990539	635.794921	28.591544	392.253183	1147.980475	-374.963355	647.942687	452.730234	
-265.741416	-22.671335	-251.709646	-153.927744	-232.928489	-37.849559	354.854181	377.494890	553.274669	-376.629557	57.016089	-161.855183	403.745272	489.992545	752.030914	-373.942677	762.101885	596.204069	226.812833	-206.221148	695.319664	98.596181	4.015034	319.152195	367.592352	-123.681520	986.142137	205.978460	434.957700	1948.422338	359.624474	187.262873	242.233349	-17.952098	-337.165842	-204.964069	
576.279039	465.415601	-188.292669	343.652092	-146.040096	-364.624218	457.108266	408.713555	267.224275	31.064212	-269.863202	298.816427	553.705225	269.849313	-241.050863	458.063374	-613.715415	573.434022	549.471049	-255.963369	255.771219	139.557807	641.978828	149.407141	835.273170	56.216618	380.748162	250.603145	-259.147313	34.356335	2808.999190	42.998450	-447.983807	-69.472185	284.245524	212.417169	
377.414804	621.396650	141.889630	199.944355	271.366440	-352.379793	-7.777510	348.080037	43.489975	-27.399003	-437.205529	353.996803	442.815921	164.640416	262.367115	194.156247	-302.859561	249.619948	688.882641	273.416765	351.169389	516.141163	174.777887	659.726597	150.915988	901.080718	303.039669	28.878187	370.403258	-341.530766	-327.936571	2025.580207	109.532695	-299.156584	-97.904458	181.380074	
30.985735	697.139405	345.974438	-17.537405	691.664797	313.320426	457.879673	970.140175	74.605419	390.728003	118.137877	487.625524	261.296010	352.638016	471.496725	1050.038500	134.159657	499.661095	505.323202	-74.852416	451.363284	-176.125470	1019.100215	-33.540394	94.080195	585.604977	241.904188	687.310516	704.679877	263.126193	-35.669199	-117.238619	2740.787330	-273.680813	732.728745	294.595493	
476.775075	-23.072826	832.930583	122.915557	-114.567577	236.389794	-323.686344	102.560990	186.491757	64.787037	-263.510847	133.335513	-28.617478	765.779359	-266.094861	1006.404062	-6.764481	388.108993	481.693181	304.918563	651.566252	759.767659	-56.652629	47.972256	-114.081152	-294.191937	366.958288	42.632242	-256.016620	-253.977022	127.768338	-141.074655	-24.255952	2538.445628	544.199847	-54.279365	
67.391872	287.713180	319.120627	263.469872	167.666247	87.023243	410.770517	617.890235	342.781080	750.865926	-178.427576	546.072439	-42.523511	838.550732	13.138265	698.483161	-2.120184	603.425669	-42.164197	328.416041	363.332705	333.463958	869.854899	248.883864	-253.531078	250.849109	-187.811604	550.994028	784.005841	380.533238	14.779382	-78.756798	951.139417	-99.390896	2127.146866	590.595503	
605.832091	519.256873	726.609251	-182.032891	113.420654	79.895555	1022.388002	269.334993	118.912506	633.613829	228.847034	917.715067	336.473572	493.181352	153.023021	532.695590	159.015324	599.208214	429.942075	39.473246	78.227148	139.561354	346.834650	230.271234	391.805707	443.406450	22.828995	304.243768	209.175987	162.057942	246.315457	453.394557	154.079414	157.219136	124.535810	1813.578583	
