
Matrice A di dimensione 36 x 36:
2.294301	3.550340	0.405484	-5.175661	4.472994	3.641564	2.802231	2.055854	-0.912172	4.537685	4.397674	-3.647701	6.032083	-9.504829	-4.100614	0.012831	5.388455	9.552999	-9.034631	2.792677	4.823733	-1.867384	1.758567	-4.828521	-6.604289	-8.519957	2.341970	6.852058	0.135173	8.802935	4.152026	6.384781	-0.824214	-2.474364	-4.767756	8.630043	
3.160167	7.218713	3.860257	-4.064610	-8.350443	2.135015	5.254146	9.321531	9.194637	-9.954226	0.525356	2.781005	-9.940477	5.683996	8.136166	-3.687788	2.193170	-8.115196	-8.088380	8.221481	-5.830890	-2.955403	1.059796	7.218412	-2.390473	3.804931	4.967318	-7.570848	2.566202	5.904785	-2.742401	9.713182	8.651166	6.625642	3.603551	8.087242	
9.378785	-7.517829	-4.741394	0.745291	7.559412	9.258586	6.127097	7.995050	1.136143	6.743903	8.573620	1.748193	-4.733421	5.994224	0.064736	-9.246081	2.036727	3.822122	8.198098	-2.718682	6.592785	0.884887	7.283507	-7.791786	-0.689764	7.178594	9.656956	6.050488	-2.447880	-5.907246	-8.799232	0.701251	7.625412	-8.663526	-7.805091	-9.374172	
4.848358	-3.821912	7.885863	-0.865932	4.755753	5.091343	7.284574	0.422366	2.357352	2.130880	9.919061	6.253753	8.921147	-2.063967	-4.841325	6.232261	7.786068	-6.176195	7.051643	-2.186178	2.395307	2.388532	-8.250094	9.948061	-2.689142	1.928901	-9.638313	5.935894	3.510218	-0.515837	-8.078025	-2.549493	7.922793	-0.511924	8.316581	9.856674	
8.233730	-9.572245	4.736978	-2.632580	-2.794779	7.984200	9.252545	6.357748	-3.531379	7.123864	4.676893	2.419598	-8.953043	6.121243	-5.999084	-9.108692	-3.024418	0.399763	-2.624237	-9.359138	5.350654	-2.920672	7.676246	7.163011	3.682023	-7.262781	6.690191	7.861855	1.776738	-1.788465	-8.075737	-7.559116	6.267171	3.759216	-7.634402	-2.698857	
2.470140	-2.166295	1.420327	1.353458	2.874013	4.942345	7.917399	1.345254	3.312715	-3.883660	5.378056	-9.088980	9.139020	8.279402	-1.112334	5.277772	6.763860	4.400755	6.942709	0.496383	-7.189099	5.283617	-8.383791	2.808532	-8.079013	-3.328409	-4.391095	-9.553198	8.248019	-2.646373	-9.366601	-7.541351	-7.781459	8.482815	9.217181	1.155331	
3.055242	-5.727012	-2.883878	0.767565	8.816472	9.532685	4.797770	8.070169	4.641365	4.920083	-9.556432	0.284291	5.351933	1.320801	-9.911855	1.750710	3.511617	6.918631	7.824425	-5.596063	-6.083762	0.767032	3.689573	3.820322	8.702659	-9.492844	0.449653	6.385366	3.607024	9.903618	8.155520	-1.625162	-2.718723	-5.163014	-3.817229	4.745495	
8.756726	3.156410	3.641534	-3.901525	5.556671	2.158290	7.440621	-8.775540	9.758868	7.230285	5.604659	3.634165	-1.810305	9.663424	1.548407	-5.854596	2.551840	3.922330	2.665429	-8.628182	3.789305	-9.154494	-9.542443	4.207827	-5.805410	2.591882	0.701353	2.428160	0.072725	4.793436	5.714299	2.437017	0.394492	1.808128	7.783156	6.859729	
-0.772246	5.188716	-9.796104	4.754737	-1.372940	5.101071	2.863527	6.125976	-3.670207	9.967596	-4.661772	6.567522	9.830263	2.809933	-3.591415	-1.857812	9.389482	8.196874	-4.730607	-7.771304	-2.878345	0.417219	-2.282194	3.939498	-8.307795	6.867353	5.373873	-3.990338	8.085705	7.356935	4.101854	9.712770	-9.043697	9.313612	9.168733	3.225582	
-8.638817	-1.247104	0.445544	3.191816	0.093250	-4.604671	1.330894	4.897596	4.823049	-2.053538	3.375648	3.967581	7.221550	6.356711	-2.305081	0.796553	0.289589	5.964563	7.870858	4.631198	-0.150479	8.650605	-2.098759	9.710427	-5.698025	0.426459	8.039554	7.195468	-7.294237	-7.326262	-1.640658	8.010942	-7.571381	8.805169	-6.305786	-8.772588	
3.693159	2.690513	-7.302928	8.050192	-0.095734	8.613106	1.981872	-0.273534	2.320873	-5.315738	1.213917	6.242060	6.855210	-8.014933	-8.189826	-3.411499	0.451065	3.799312	7.677804	6.161840	1.775658	2.893630	1.124921	-4.808393	1.806463	-8.591217	0.625607	5.585026	2.641586	7.381338	0.290638	4.993546	5.796888	-8.771877	4.890157	-5.764836	
8.698562	-6.453621	4.332088	-4.591467	-5.592039	7.813856	8.011658	-5.468710	9.142220	7.338182	-3.155667	-4.829044	4.737157	5.617386	-1.120898	0.771547	8.093862	6.617191	3.368319	-9.801471	7.402853	5.164360	1.703605	4.608827	-3.570913	-3.958583	6.904303	-0.700953	2.696123	6.230349	9.498198	6.023419	-7.270755	-6.956529	1.309115	-1.773987	
1.209937	-8.942641	9.895681	-4.238540	3.131825	-2.473265	8.148901	1.826181	6.036460	-3.265171	7.754622	1.774817	6.679631	8.266442	4.442216	7.541323	5.018907	8.764231	-6.409122	0.859496	2.976173	3.630957	-0.771371	-3.935026	1.697501	-4.924035	-0.220048	-3.030659	-0.411988	4.290101	-9.972897	3.871821	3.552923	8.131325	6.407855	-6.803632	
6.039674	3.872557	-6.934741	6.849881	5.851956	8.056673	6.380406	0.484150	-4.862027	-8.098605	6.082710	1.608858	2.573130	5.938795	-9.835919	-8.807922	-8.413171	3.612681	2.537055	6.852838	9.779771	3.469170	2.065129	4.661550	0.101251	9.293334	0.824864	7.376881	0.285172	3.184607	5.922898	7.734069	9.571167	-0.904289	5.029711	3.163093	
-4.459385	5.594206	9.372875	3.337280	6.801577	0.242042	7.561665	2.749354	-1.497343	4.980076	-7.583479	6.729599	2.824093	2.969071	0.003732	-1.326651	9.288840	3.738287	2.739077	-4.772833	1.566624	-4.498672	-4.687493	-1.163230	9.125833	9.622101	3.492435	-7.550536	-7.826577	-9.974611	1.016658	8.776504	9.125255	2.237561	-1.316797	9.235410	
9.221480	2.837810	3.901451	-1.273584	7.620601	-7.541083	1.624033	4.791885	1.069565	-3.426845	5.906097	-2.682203	3.629352	3.348303	5.639712	-8.266200	2.609702	-2.327576	9.701864	-8.061084	-6.755087	7.561729	-7.875284	2.112995	-4.474423	0.870846	2.468748	1.662323	-4.375089	4.731228	-6.468591	9.356265	5.858169	0.724577	-4.336170	-2.341038	
-4.945807	7.411992	9.099363	4.935722	-7.773369	6.487390	-5.641137	3.726501	7.797531	-5.671917	9.340768	6.532809	4.783494	2.492441	3.070625	-5.548681	3.779927	2.967260	-1.030576	7.038777	-6.889414	-9.628097	7.336930	6.592059	5.043295	4.064957	-3.294290	9.414678	0.095421	5.989387	-1.782746	5.489683	7.565723	7.673949	0.669240	0.599925	
8.962152	3.049817	5.517912	-7.636798	7.297233	5.506531	9.925225	0.602825	6.716831	3.470410	9.586966	-0.538568	7.615227	8.039181	3.860208	5.778972	6.021350	7.621542	7.602383	1.425188	4.286317	3.842174	7.896250	7.013240	9.869544	8.400156	2.786997	4.041722	4.827183	6.282892	3.912852	6.415680	2.529881	-7.825229	-7.488453	-6.402211	
6.729802	-0.022308	-5.058459	6.191307	-5.583628	-5.379963	5.841372	9.180780	2.321847	9.297601	-0.965706	3.379332	8.051786	8.321431	9.125613	8.545060	-8.970100	1.686646	3.414880	0.600243	-0.694341	7.321968	8.541967	-9.466886	-0.633850	6.247362	4.477387	-7.791312	2.350625	1.043597	3.054607	6.567169	6.188456	8.398101	-2.008969	-2.744841	
0.294295	8.856108	5.516796	9.567058	7.237209	3.690220	2.376241	6.703714	7.082854	-9.935720	-8.796025	-1.982656	8.111382	8.313874	1.339248	4.810071	-2.854623	-7.704102	9.678261	5.405809	-1.871001	-7.554401	9.568449	1.595152	8.158270	4.362106	2.383915	3.823333	-4.580143	8.306684	0.779574	2.669982	-5.116426	0.498568	-3.646666	-9.126260	
-9.229034	-7.624424	-5.674800	-4.852138	6.024791	0.475657	6.464480	6.825494	-4.315408	9.864797	0.298363	-6.137579	7.577704	-0.638503	6.153832	-7.073040	9.789451	-9.537244	0.555931	5.667425	-5.651426	2.562488	-8.226312	8.465249	-4.871775	9.673557	0.523941	8.041206	9.143005	6.403289	8.802938	6.506424	8.980628	-9.888474	1.871822	7.021016	
-3.096205	-1.420073	4.773977	-8.603899	3.190063	-0.708989	0.603013	8.908785	5.607059	2.000008	3.306745	3.768370	3.427051	-9.784331	0.179380	9.761492	-2.681996	-2.077751	1.755001	5.856517	-3.275731	9.119846	4.386573	6.635559	-6.344394	9.347178	0.853473	9.148564	8.781789	7.322577	0.247978	9.651938	-2.688955	3.694886	-7.880979	9.890155	
1.302019	-2.662872	6.063969	9.144425	-3.317164	-4.661491	2.065576	8.826636	-6.822102	-1.884552	9.542719	-2.799700	-4.014805	6.584035	2.858034	-7.036533	1.482168	-4.790610	1.574444	4.828209	1.004749	4.091253	-9.239962	5.532620	-6.167946	2.906630	6.453978	7.483270	8.240725	7.393882	0.165242	3.175979	6.190508	4.276162	1.797961	2.877524	
6.768198	-7.886796	-5.902202	-0.158156	4.400604	8.421556	6.105896	1.476673	-6.848204	3.395639	4.128129	1.964731	-9.482551	1.977302	1.733462	-3.576475	-5.408455	3.840384	-5.691619	-5.952009	8.633392	-1.725165	2.554286	1.920547	9.626164	-4.925133	2.525060	4.507133	6.231837	-4.450078	6.652970	8.608575	8.145331	4.053703	5.452679	-8.742515	
-4.438872	9.634447	-9.766284	6.151084	3.417567	7.523914	-7.885152	4.679707	8.413025	-1.349809	0.512008	1.108819	6.954230	3.045449	4.104156	-0.671433	-4.777445	6.501406	7.346767	4.301182	3.454183	2.804769	7.111712	-7.226218	-6.267537	1.195287	-6.230215	2.373669	8.559553	3.972115	3.202354	-7.231063	1.963924	2.787660	-0.074222	-4.765923	
-9.619214	-2.933415	8.957041	-9.793447	-4.864964	-5.404355	6.987507	-8.464664	0.725962	3.000040	2.993473	4.735545	-8.812625	3.023351	4.987421	2.143594	1.675403	3.333401	-4.485118	4.833223	-1.468055	1.361245	0.915547	6.745945	7.861068	-0.424785	5.750483	1.825153	-0.799938	0.223558	2.071341	6.218419	9.745568	-7.733159	3.174747	-7.894829	
0.907578	-9.097906	6.990457	-6.806752	-4.641771	3.525902	-0.932140	-6.023763	7.272973	1.941742	7.879236	1.073760	8.072134	-2.056194	-7.894512	-5.905802	3.673126	9.301862	-4.622579	7.826593	-1.108668	0.386364	4.115146	2.992499	-5.235903	-8.317224	7.630816	-7.109695	8.918067	-3.304260	-1.602181	-0.396623	9.977560	-2.503628	6.289637	9.143095	
6.618160	-7.370652	7.413095	-8.203797	-5.505176	-9.383719	4.406562	5.886819	-5.429642	6.615307	-5.363743	-2.637270	9.493078	7.061552	-6.800998	5.093279	-3.129482	1.388308	4.061902	6.925838	3.442493	6.551609	4.714748	-9.406498	5.997923	7.028011	7.385891	-6.587515	-0.341302	7.368550	3.876017	7.570804	-5.474595	1.206613	2.562434	1.779913	
-8.944214	6.643902	7.771748	7.438606	-7.332794	-4.444490	-9.703011	-4.432273	-9.106785	0.067770	-3.399475	9.746719	2.129502	-0.835225	-8.439634	1.710892	1.777084	9.511691	-9.107614	3.560246	8.904887	4.772876	-0.813048	2.529698	-3.852004	-0.636292	-1.814803	0.087589	6.499492	8.536749	0.379052	-8.194947	0.435149	3.040364	2.187642	-8.672015	
2.890901	6.835479	7.094076	-1.565734	9.950287	-2.911606	-1.613261	-8.679717	8.774474	7.847981	6.260263	1.595333	8.683952	9.461148	-8.665196	3.388687	4.142921	2.347803	1.366420	5.039724	-9.574081	8.346217	6.202716	5.454800	7.057093	6.045726	4.320285	9.045993	0.736866	4.281661	4.470182	-3.079725	6.776655	0.043529	9.093982	-1.200697	
8.874514	6.163361	-6.082556	3.485477	3.936939	-9.617369	-5.904360	8.326511	-4.311343	-7.909418	-0.099825	2.484504	-7.373793	-8.260123	0.224680	3.929067	0.414194	2.648486	8.676726	8.666300	7.572555	-8.326312	1.106761	7.964703	1.364117	-7.463497	3.407448	7.804091	3.758735	6.570226	-5.609079	6.524380	8.894301	6.378421	5.078301	-3.053748	
-7.051259	7.176292	-8.692328	4.193421	-8.533086	5.845093	5.630259	-9.453139	-7.693949	7.195109	1.854936	-5.002139	4.901043	3.040635	0.552154	-8.041044	-5.774600	5.711022	1.226222	0.016276	4.674777	2.885797	6.324889	-1.737608	0.830397	4.239091	9.620351	5.944065	0.379914	2.179507	3.528356	-8.873277	-4.278249	3.852708	4.062521	5.536015	
8.755993	-8.317984	-1.664869	-9.223521	6.897669	3.769703	5.792303	8.146704	6.277188	6.998603	-6.591669	4.533088	1.453253	1.236286	8.186408	2.899382	0.934938	2.382692	8.062256	9.691149	7.395942	1.540464	6.604864	4.597136	9.694558	3.233347	4.727463	-8.288539	2.382156	-9.742077	-8.191394	8.052004	5.521280	-0.790465	-4.076807	-3.875602	
0.486476	-7.975048	6.735282	-6.215120	-3.372886	5.385248	-0.387456	7.406777	-5.320797	6.701347	-4.661036	6.483681	8.417772	-5.247555	1.917060	-9.919178	6.350711	6.770492	-5.674080	1.452024	5.183620	0.055738	4.545393	-5.436350	4.981447	3.670060	-1.943135	3.952397	-3.060131	9.370900	9.816155	-1.342318	-7.638942	-3.133595	-0.056137	4.078187	
3.078237	-4.760719	-5.027350	6.608871	6.587866	-0.634035	-5.695401	3.382635	-8.879606	-7.041205	2.791685	-0.761976	-6.809649	-4.094405	9.075404	0.794561	2.198894	0.581454	-8.546829	7.835672	5.014280	-5.854028	2.683463	-0.026731	-7.152467	-8.850906	-9.607865	-5.379550	5.132682	7.979595	-6.375899	7.260287	9.872129	8.751661	9.504389	-3.023401	
8.418205	7.869405	-4.192071	3.912369	9.360261	0.642511	5.242385	4.221761	7.072936	-8.967233	6.227468	7.399957	7.704945	-2.842409	7.806316	6.567765	3.364639	-7.064273	-8.785507	1.484138	6.719495	3.541199	1.120027	3.144255	9.998516	2.905633	-3.157437	5.748825	-2.102945	-7.955280	8.878265	-4.542138	-6.985140	1.849651	7.897765	6.943581	

Matrice B di dimensione 36 x 36:
2.294301	3.160167	9.378785	4.848358	8.233730	2.470140	3.055242	8.756726	-0.772246	-8.638817	3.693159	8.698562	1.209937	6.039674	-4.459385	9.221480	-4.945807	8.962152	6.729802	0.294295	-9.229034	-3.096205	1.302019	6.768198	-4.438872	-9.619214	0.907578	6.618160	-8.944214	2.890901	8.874514	-7.051259	8.755993	0.486476	3.078237	8.418205	
3.550340	7.218713	-7.517829	-3.821912	-9.572245	-2.166295	-5.727012	3.156410	5.188716	-1.247104	2.690513	-6.453621	-8.942641	3.872557	5.594206	2.837810	7.411992	3.049817	-0.022308	8.856108	-7.624424	-1.420073	-2.662872	-7.886796	9.634447	-2.933415	-9.097906	-7.370652	6.643902	6.835479	6.163361	7.176292	-8.317984	-7.975048	-4.760719	7.869405	
0.405484	3.860257	-4.741394	7.885863	4.736978	1.420327	-2.883878	3.641534	-9.796104	0.445544	-7.302928	4.332088	9.895681	-6.934741	9.372875	3.901451	9.099363	5.517912	-5.058459	5.516796	-5.674800	4.773977	6.063969	-5.902202	-9.766284	8.957041	6.990457	7.413095	7.771748	7.094076	-6.082556	-8.692328	-1.664869	6.735282	-5.027350	-4.192071	
-5.175661	-4.064610	0.745291	-0.865932	-2.632580	1.353458	0.767565	-3.901525	4.754737	3.191816	8.050192	-4.591467	-4.238540	6.849881	3.337280	-1.273584	4.935722	-7.636798	6.191307	9.567058	-4.852138	-8.603899	9.144425	-0.158156	6.151084	-9.793447	-6.806752	-8.203797	7.438606	-1.565734	3.485477	4.193421	-9.223521	-6.215120	6.608871	3.912369	
4.472994	-8.350443	7.559412	4.755753	-2.794779	2.874013	8.816472	5.556671	-1.372940	0.093250	-0.095734	-5.592039	3.131825	5.851956	6.801577	7.620601	-7.773369	7.297233	-5.583628	7.237209	6.024791	3.190063	-3.317164	4.400604	3.417567	-4.864964	-4.641771	-5.505176	-7.332794	9.950287	3.936939	-8.533086	6.897669	-3.372886	6.587866	9.360261	
3.641564	2.135015	9.258586	5.091343	7.984200	4.942345	9.532685	2.158290	5.101071	-4.604671	8.613106	7.813856	-2.473265	8.056673	0.242042	-7.541083	6.487390	5.506531	-5.379963	3.690220	0.475657	-0.708989	-4.661491	8.421556	7.523914	-5.404355	3.525902	-9.383719	-4.444490	-2.911606	-9.617369	5.845093	3.769703	5.385248	-0.634035	0.642511	
2.802231	5.254146	6.127097	7.284574	9.252545	7.917399	4.797770	7.440621	2.863527	1.330894	1.981872	8.011658	8.148901	6.380406	7.561665	1.624033	-5.641137	9.925225	5.841372	2.376241	6.464480	0.603013	2.065576	6.105896	-7.885152	6.987507	-0.932140	4.406562	-9.703011	-1.613261	-5.904360	5.630259	5.792303	-0.387456	-5.695401	5.242385	
2.055854	9.321531	7.995050	0.422366	6.357748	1.345254	8.070169	-8.775540	6.125976	4.897596	-0.273534	-5.468710	1.826181	0.484150	2.749354	4.791885	3.726501	0.602825	9.180780	6.703714	6.825494	8.908785	8.826636	1.476673	4.679707	-8.464664	-6.023763	5.886819	-4.432273	-8.679717	8.326511	-9.453139	8.146704	7.406777	3.382635	4.221761	
-0.912172	9.194637	1.136143	2.357352	-3.531379	3.312715	4.641365	9.758868	-3.670207	4.823049	2.320873	9.142220	6.036460	-4.862027	-1.497343	1.069565	7.797531	6.716831	2.321847	7.082854	-4.315408	5.607059	-6.822102	-6.848204	8.413025	0.725962	7.272973	-5.429642	-9.106785	8.774474	-4.311343	-7.693949	6.277188	-5.320797	-8.879606	7.072936	
4.537685	-9.954226	6.743903	2.130880	7.123864	-3.883660	4.920083	7.230285	9.967596	-2.053538	-5.315738	7.338182	-3.265171	-8.098605	4.980076	-3.426845	-5.671917	3.470410	9.297601	-9.935720	9.864797	2.000008	-1.884552	3.395639	-1.349809	3.000040	1.941742	6.615307	0.067770	7.847981	-7.909418	7.195109	6.998603	6.701347	-7.041205	-8.967233	
4.397674	0.525356	8.573620	9.919061	4.676893	5.378056	-9.556432	5.604659	-4.661772	3.375648	1.213917	-3.155667	7.754622	6.082710	-7.583479	5.906097	9.340768	9.586966	-0.965706	-8.796025	0.298363	3.306745	9.542719	4.128129	0.512008	2.993473	7.879236	-5.363743	-3.399475	6.260263	-0.099825	1.854936	-6.591669	-4.661036	2.791685	6.227468	
-3.647701	2.781005	1.748193	6.253753	2.419598	-9.088980	0.284291	3.634165	6.567522	3.967581	6.242060	-4.829044	1.774817	1.608858	6.729599	-2.682203	6.532809	-0.538568	3.379332	-1.982656	-6.137579	3.768370	-2.799700	1.964731	1.108819	4.735545	1.073760	-2.637270	9.746719	1.595333	2.484504	-5.002139	4.533088	6.483681	-0.761976	7.399957	
6.032083	-9.940477	-4.733421	8.921147	-8.953043	9.139020	5.351933	-1.810305	9.830263	7.221550	6.855210	4.737157	6.679631	2.573130	2.824093	3.629352	4.783494	7.615227	8.051786	8.111382	7.577704	3.427051	-4.014805	-9.482551	6.954230	-8.812625	8.072134	9.493078	2.129502	8.683952	-7.373793	4.901043	1.453253	8.417772	-6.809649	7.704945	
-9.504829	5.683996	5.994224	-2.063967	6.121243	8.279402	1.320801	9.663424	2.809933	6.356711	-8.014933	5.617386	8.266442	5.938795	2.969071	3.348303	2.492441	8.039181	8.321431	8.313874	-0.638503	-9.784331	6.584035	1.977302	3.045449	3.023351	-2.056194	7.061552	-0.835225	9.461148	-8.260123	3.040635	1.236286	-5.247555	-4.094405	-2.842409	
-4.100614	8.136166	0.064736	-4.841325	-5.999084	-1.112334	-9.911855	1.548407	-3.591415	-2.305081	-8.189826	-1.120898	4.442216	-9.835919	0.003732	5.639712	3.070625	3.860208	9.125613	1.339248	6.153832	0.179380	2.858034	1.733462	4.104156	4.987421	-7.894512	-6.800998	-8.439634	-8.665196	0.224680	0.552154	8.186408	1.917060	9.075404	7.806316	
0.012831	-3.687788	-9.246081	6.232261	-9.108692	5.277772	1.750710	-5.854596	-1.857812	0.796553	-3.411499	0.771547	7.541323	-8.807922	-1.326651	-8.266200	-5.548681	5.778972	8.545060	4.810071	-7.073040	9.761492	-7.036533	-3.576475	-0.671433	2.143594	-5.905802	5.093279	1.710892	3.388687	3.929067	-8.041044	2.899382	-9.919178	0.794561	6.567765	
5.388455	2.193170	2.036727	7.786068	-3.024418	6.763860	3.511617	2.551840	9.389482	0.289589	0.451065	8.093862	5.018907	-8.413171	9.288840	2.609702	3.779927	6.021350	-8.970100	-2.854623	9.789451	-2.681996	1.482168	-5.408455	-4.777445	1.675403	3.673126	-3.129482	1.777084	4.142921	0.414194	-5.774600	0.934938	6.350711	2.198894	3.364639	
9.552999	-8.115196	3.822122	-6.176195	0.399763	4.400755	6.918631	3.922330	8.196874	5.964563	3.799312	6.617191	8.764231	3.612681	3.738287	-2.327576	2.967260	7.621542	1.686646	-7.704102	-9.537244	-2.077751	-4.790610	3.840384	6.501406	3.333401	9.301862	1.388308	9.511691	2.347803	2.648486	5.711022	2.382692	6.770492	0.581454	-7.064273	
-9.034631	-8.088380	8.198098	7.051643	-2.624237	6.942709	7.824425	2.665429	-4.730607	7.870858	7.677804	3.368319	-6.409122	2.537055	2.739077	9.701864	-1.030576	7.602383	3.414880	9.678261	0.555931	1.755001	1.574444	-5.691619	7.346767	-4.485118	-4.622579	4.061902	-9.107614	1.366420	8.676726	1.226222	8.062256	-5.674080	-8.546829	-8.785507	
2.792677	8.221481	-2.718682	-2.186178	-9.359138	0.496383	-5.596063	-8.628182	-7.771304	4.631198	6.161840	-9.801471	0.859496	6.852838	-4.772833	-8.061084	7.038777	1.425188	0.600243	5.405809	5.667425	5.856517	4.828209	-5.952009	4.301182	4.833223	7.826593	6.925838	3.560246	5.039724	8.666300	0.016276	9.691149	1.452024	7.835672	1.484138	
4.823733	-5.830890	6.592785	2.395307	5.350654	-7.189099	-6.083762	3.789305	-2.878345	-0.150479	1.775658	7.402853	2.976173	9.779771	1.566624	-6.755087	-6.889414	4.286317	-0.694341	-1.871001	-5.651426	-3.275731	1.004749	8.633392	3.454183	-1.468055	-1.108668	3.442493	8.904887	-9.574081	7.572555	4.674777	7.395942	5.183620	5.014280	6.719495	
-1.867384	-2.955403	0.884887	2.388532	-2.920672	5.283617	0.767032	-9.154494	0.417219	8.650605	2.893630	5.164360	3.630957	3.469170	-4.498672	7.561729	-9.628097	3.842174	7.321968	-7.554401	2.562488	9.119846	4.091253	-1.725165	2.804769	1.361245	0.386364	6.551609	4.772876	8.346217	-8.326312	2.885797	1.540464	0.055738	-5.854028	3.541199	
1.758567	1.059796	7.283507	-8.250094	7.676246	-8.383791	3.689573	-9.542443	-2.282194	-2.098759	1.124921	1.703605	-0.771371	2.065129	-4.687493	-7.875284	7.336930	7.896250	8.541967	9.568449	-8.226312	4.386573	-9.239962	2.554286	7.111712	0.915547	4.115146	4.714748	-0.813048	6.202716	1.106761	6.324889	6.604864	4.545393	2.683463	1.120027	
-4.828521	7.218412	-7.791786	9.948061	7.163011	2.808532	3.820322	4.207827	3.939498	9.710427	-4.808393	4.608827	-3.935026	4.661550	-1.163230	2.112995	6.592059	7.013240	-9.466886	1.595152	8.465249	6.635559	5.532620	1.920547	-7.226218	6.745945	2.992499	-9.406498	2.529698	5.454800	7.964703	-1.737608	4.597136	-5.436350	-0.026731	3.144255	
-6.604289	-2.390473	-0.689764	-2.689142	3.682023	-8.079013	8.702659	-5.805410	-8.307795	-5.698025	1.806463	-3.570913	1.697501	0.101251	9.125833	-4.474423	5.043295	9.869544	-0.633850	8.158270	-4.871775	-6.344394	-6.167946	9.626164	-6.267537	7.861068	-5.235903	5.997923	-3.852004	7.057093	1.364117	0.830397	9.694558	4.981447	-7.152467	9.998516	
-8.519957	3.804931	7.178594	1.928901	-7.262781	-3.328409	-9.492844	2.591882	6.867353	0.426459	-8.591217	-3.958583	-4.924035	9.293334	9.622101	0.870846	4.064957	8.400156	6.247362	4.362106	9.673557	9.347178	2.906630	-4.925133	1.195287	-0.424785	-8.317224	7.028011	-0.636292	6.045726	-7.463497	4.239091	3.233347	3.670060	-8.850906	2.905633	
2.341970	4.967318	9.656956	-9.638313	6.690191	-4.391095	0.449653	0.701353	5.373873	8.039554	0.625607	6.904303	-0.220048	0.824864	3.492435	2.468748	-3.294290	2.786997	4.477387	2.383915	0.523941	0.853473	6.453978	2.525060	-6.230215	5.750483	7.630816	7.385891	-1.814803	4.320285	3.407448	9.620351	4.727463	-1.943135	-9.607865	-3.157437	
6.852058	-7.570848	6.050488	5.935894	7.861855	-9.553198	6.385366	2.428160	-3.990338	7.195468	5.585026	-0.700953	-3.030659	7.376881	-7.550536	1.662323	9.414678	4.041722	-7.791312	3.823333	8.041206	9.148564	7.483270	4.507133	2.373669	1.825153	-7.109695	-6.587515	0.087589	9.045993	7.804091	5.944065	-8.288539	3.952397	-5.379550	5.748825	
0.135173	2.566202	-2.447880	3.510218	1.776738	8.248019	3.607024	0.072725	8.085705	-7.294237	2.641586	2.696123	-0.411988	0.285172	-7.826577	-4.375089	0.095421	4.827183	2.350625	-4.580143	9.143005	8.781789	8.240725	6.231837	8.559553	-0.799938	8.918067	-0.341302	6.499492	0.736866	3.758735	0.379914	2.382156	-3.060131	5.132682	-2.102945	
8.802935	5.904785	-5.907246	-0.515837	-1.788465	-2.646373	9.903618	4.793436	7.356935	-7.326262	7.381338	6.230349	4.290101	3.184607	-9.974611	4.731228	5.989387	6.282892	1.043597	8.306684	6.403289	7.322577	7.393882	-4.450078	3.972115	0.223558	-3.304260	7.368550	8.536749	4.281661	6.570226	2.179507	-9.742077	9.370900	7.979595	-7.955280	
4.152026	-2.742401	-8.799232	-8.078025	-8.075737	-9.366601	8.155520	5.714299	4.101854	-1.640658	0.290638	9.498198	-9.972897	5.922898	1.016658	-6.468591	-1.782746	3.912852	3.054607	0.779574	8.802938	0.247978	0.165242	6.652970	3.202354	2.071341	-1.602181	3.876017	0.379052	4.470182	-5.609079	3.528356	-8.191394	9.816155	-6.375899	8.878265	
6.384781	9.713182	0.701251	-2.549493	-7.559116	-7.541351	-1.625162	2.437017	9.712770	8.010942	4.993546	6.023419	3.871821	7.734069	8.776504	9.356265	5.489683	6.415680	6.567169	2.669982	6.506424	9.651938	3.175979	8.608575	-7.231063	6.218419	-0.396623	7.570804	-8.194947	-3.079725	6.524380	-8.873277	8.052004	-1.342318	7.260287	-4.542138	
-0.824214	8.651166	7.625412	7.922793	6.267171	-7.781459	-2.718723	0.394492	-9.043697	-7.571381	5.796888	-7.270755	3.552923	9.571167	9.125255	5.858169	7.565723	2.529881	6.188456	-5.116426	8.980628	-2.688955	6.190508	8.145331	1.963924	9.745568	9.977560	-5.474595	0.435149	6.776655	8.894301	-4.278249	5.521280	-7.638942	9.872129	-6.985140	
-2.474364	6.625642	-8.663526	-0.511924	3.759216	8.482815	-5.163014	1.808128	9.313612	8.805169	-8.771877	-6.956529	8.131325	-0.904289	2.237561	0.724577	7.673949	-7.825229	8.398101	0.498568	-9.888474	3.694886	4.276162	4.053703	2.787660	-7.733159	-2.503628	1.206613	3.040364	0.043529	6.378421	3.852708	-0.790465	-3.133595	8.751661	1.849651	
-4.767756	3.603551	-7.805091	8.316581	-7.634402	9.217181	-3.817229	7.783156	9.168733	-6.305786	4.890157	1.309115	6.407855	5.029711	-1.316797	-4.336170	0.669240	-7.488453	-2.008969	-3.646666	1.871822	-7.880979	1.797961	5.452679	-0.074222	3.174747	6.289637	2.562434	2.187642	9.093982	5.078301	4.062521	-4.076807	-0.056137	9.504389	7.897765	
8.630043	8.087242	-9.374172	9.856674	-2.698857	1.155331	4.745495	6.859729	3.225582	-8.772588	-5.764836	-1.773987	-6.803632	3.163093	9.235410	-2.341038	0.599925	-6.402211	-2.744841	-9.126260	7.021016	9.890155	2.877524	-8.742515	-4.765923	-7.894829	9.143095	1.779913	-8.672015	-1.200697	-3.053748	5.536015	-3.875602	4.078187	-3.023401	6.943581	

Risultato:
Matrice C di dimensione 36 x 36:
2258.036315	85.380475	247.510788	407.698441	271.235834	589.794606	836.289406	118.647346	496.159821	-145.462486	609.242746	854.890522	381.758921	681.313371	-774.387061	577.205064	421.290245	608.578383	130.651670	595.065266	346.297230	579.820749	427.649697	-146.110386	-218.824826	127.987572	874.866452	428.745726	616.009349	439.548997	54.700789	182.457470	161.444332	919.727882	653.904475	-199.307485	
-137.165443	2585.463153	-237.268175	487.939355	522.051741	501.144832	280.991881	370.302947	243.118647	-153.352992	107.981441	167.783700	-196.556835	529.873308	895.361870	393.086740	787.374883	206.365213	316.994954	584.942559	383.372268	658.009352	657.374316	228.390410	-7.416000	48.112777	409.484616	267.665054	204.165659	218.403213	658.474292	-169.471052	651.876711	-273.815736	477.036312	392.004633	
-74.452812	-79.246179	2658.495218	553.355288	792.428755	343.650460	96.040104	179.615271	396.377039	485.169343	429.619083	699.399578	-16.917821	716.009043	672.859454	714.570347	67.811116	851.755555	293.426717	350.206316	598.243184	18.394086	361.847757	855.480034	641.412918	164.246595	60.671791	175.569028	-10.096913	668.687277	305.422832	209.623731	863.473387	570.107197	155.730435	-265.508603	
430.157606	148.112585	369.934481	2536.181536	257.531837	957.714751	368.854481	767.760127	281.467927	81.920232	10.824559	325.545056	-19.242434	768.593660	105.813322	958.292729	507.669255	751.528796	-3.534237	-32.368097	68.027560	550.718200	1088.821304	456.938264	-414.199173	301.537102	335.073487	-330.224875	212.490383	455.625818	1190.188634	-686.119687	201.920940	293.890663	-607.976057	559.240558	
255.172928	283.639009	955.225340	509.413135	3207.375837	642.510298	605.210328	499.855811	524.633140	503.313390	65.863944	818.198385	166.615967	948.343575	-38.074496	540.082597	749.480275	1268.942279	168.302729	25.975168	252.841019	448.855453	847.226673	710.452790	-191.943945	704.483230	549.479701	-260.275538	125.725729	457.381177	950.123967	473.891034	433.280914	433.360630	378.191490	-694.777814	
391.780246	546.108414	71.527476	1127.362713	574.008854	2351.384144	472.800256	399.014248	644.642115	159.845881	164.054372	954.166436	500.125377	360.661916	247.974368	741.266894	255.230257	476.481511	246.759407	819.911772	281.603511	511.416069	689.162272	-193.692819	-31.439500	125.298724	635.089334	95.586219	396.211105	483.622900	243.957462	25.585211	396.436277	-177.649992	203.755978	-369.862815	
507.780188	-95.939084	554.988616	385.221272	961.888328	573.288386	2615.429708	547.276137	1147.299084	309.157322	850.029644	1174.635172	309.952030	819.112800	937.670100	416.594293	35.347032	276.886864	370.481408	817.620958	271.918129	-35.027600	343.444178	398.334657	170.715480	-178.686495	217.405530	356.012341	173.005406	368.339809	708.587051	264.746025	650.584827	705.125549	19.400276	118.908052	
159.965974	484.337713	288.097505	651.683566	416.990862	314.754110	228.122673	2084.843850	836.109273	137.062002	-249.977816	726.849235	646.783185	457.885001	222.159644	656.014641	481.082010	477.946776	345.315885	156.960163	77.884864	100.710791	536.639724	714.487278	-319.969074	237.501887	336.305871	-134.379038	-154.157069	401.028746	71.808274	217.088741	-29.591565	340.048649	5.982685	-17.278542	
134.930563	-48.317373	-211.940735	122.255005	337.137945	578.745508	487.516108	686.680391	3046.572941	479.383906	-35.894606	436.250596	507.893578	885.853115	551.906621	441.864757	262.459285	562.034409	301.410625	368.746748	1021.697729	455.110875	697.964330	359.625689	516.596193	-429.918306	-7.226921	-62.830830	-270.249829	240.409887	402.584040	222.764289	205.031342	650.571670	553.845222	71.400517	
-133.117395	-102.669704	326.959192	268.970593	484.894486	381.306075	153.653314	-7.983152	305.660851	2196.155845	218.864577	439.311961	240.326179	62.976184	260.165030	583.922862	371.651579	540.864099	973.565646	339.666924	353.782983	-245.809587	639.876917	225.208886	397.900187	481.283846	-2.781063	131.959295	406.750054	565.440096	252.570827	330.982920	373.967147	44.477463	-42.986301	-53.616559	
499.920553	10.390409	419.645012	170.449611	418.202209	79.690615	648.356222	-516.720843	483.338936	-147.671504	2119.810811	756.128444	-744.966598	741.618848	281.194664	-36.037912	-10.847638	-165.812395	-418.425326	517.996780	116.706218	128.921266	-30.277483	100.719328	370.884582	-381.153441	579.862312	140.711925	771.195039	887.645100	36.207380	724.232483	251.720929	305.091964	683.828104	-565.837522	
300.197832	345.305445	220.469593	141.032380	595.355977	484.566512	881.633283	608.086011	837.875183	186.590061	1034.668627	2609.523147	539.159710	534.206851	-164.410837	432.638081	-272.489432	499.468322	-96.442924	403.948777	178.353584	213.193230	539.313878	-65.363765	-64.385827	34.229107	530.648939	612.098836	345.166443	424.134070	-88.579413	272.995147	417.052601	928.387093	11.510971	-688.656661	
-133.027797	569.937343	18.037924	263.509131	617.349019	477.926977	16.590209	766.652466	334.580972	354.757392	-72.634118	865.090309	2004.159411	141.634932	262.145675	816.641117	297.280343	598.614394	546.368446	331.543793	-348.103721	469.315349	404.567127	30.315658	0.565382	436.166087	672.501750	481.480836	52.198377	330.401230	-29.252763	-326.596829	525.382759	337.634074	526.384550	-310.637588	
374.650479	541.280859	327.982083	237.595815	867.569644	252.582807	275.616543	364.409242	1095.808099	568.089224	815.101562	335.405923	113.988266	2440.431347	240.473743	718.371045	629.455720	940.246407	307.103059	447.076999	654.595816	474.158972	1195.062839	927.591956	565.624257	174.264522	785.111146	252.742868	-53.380440	667.848166	717.003285	952.747627	-3.665481	739.095802	619.508378	241.752222	
-515.821483	471.596521	370.535465	261.777201	550.150006	231.960685	157.513695	508.843921	315.126772	379.344056	-175.716923	235.265731	252.067313	-6.453165	2920.944693	-248.929050	93.624258	120.865833	-76.135279	382.417328	580.207570	235.520488	-124.661456	68.515434	343.771794	327.562474	130.213750	-27.249593	-294.892114	265.117486	162.897945	-159.797926	696.241177	341.255324	-88.706357	-27.066341	
202.107227	373.498242	602.220150	528.094098	438.680379	621.375283	258.558061	615.238746	430.321235	177.959819	101.675475	422.570672	631.745808	701.898410	288.006242	2014.709586	248.629169	916.298063	225.038972	792.686965	496.614098	805.729443	780.040257	113.062846	-0.498164	381.441938	574.163965	270.412556	-51.584426	482.251194	248.844776	-4.174997	454.400427	263.986226	79.929454	-450.733052	
141.301633	911.010460	494.445658	767.988036	841.004151	560.163765	-243.346853	436.330202	443.006283	456.699188	5.651752	130.250004	334.130347	624.458110	534.636599	801.915194	2636.977067	1306.541066	36.378668	1057.623284	610.042380	1021.206332	1097.836459	287.426981	374.107775	860.635439	920.474348	-645.445825	395.756490	1129.627708	648.291917	210.187969	140.085426	744.694628	389.464129	-331.929783	
307.834477	71.238637	737.565524	816.814955	1444.722058	473.445388	452.614077	531.707493	562.259812	661.347794	320.141039	668.173620	516.279637	1007.220698	933.366366	765.597750	996.798506	2853.891940	275.155419	966.189232	862.111472	1179.827288	729.025460	484.897701	756.248891	1192.950412	991.271954	-77.917511	-259.596199	1504.823086	585.753531	44.853160	1430.473898	903.539433	-306.723695	-21.628583	
303.405851	726.001366	296.707823	309.850589	40.218616	269.829245	391.697764	424.917286	678.848849	630.381814	83.772457	121.058099	560.088786	561.525495	626.327307	754.856502	-50.941035	328.954712	2674.357818	525.665911	-495.430866	174.230883	391.482406	823.191249	152.331286	62.341431	84.400053	874.718486	115.952369	150.201700	-42.748588	165.448066	420.265326	203.409792	-244.460937	391.647936	
-122.477066	757.117618	238.384622	268.106389	264.606213	536.982971	820.287044	250.925040	407.249614	890.419493	1016.518822	778.412308	272.149534	572.248157	474.051232	659.471651	657.661809	965.525524	523.492762	2763.438478	385.120128	148.512692	538.013891	245.938585	920.568155	-93.168452	-149.622346	766.614006	510.200281	884.395083	-43.101474	136.501713	698.017171	346.952418	224.933580	91.302408	
-48.984940	222.007662	328.080521	468.575347	611.897256	359.580356	124.129746	69.438315	987.303634	350.107634	402.915547	415.879479	-358.449438	414.455905	750.230393	319.336231	504.361829	988.175065	-426.090972	229.082628	3059.932599	939.965426	942.797649	252.163894	345.794412	551.305873	872.488686	-142.304628	-248.828243	744.688698	203.105168	324.052300	616.899144	555.232723	504.021426	-584.051856	
276.152149	877.089283	-67.260603	827.813830	468.818699	632.715052	-103.696567	400.906931	537.610470	424.888291	-11.552783	304.933282	429.846862	516.040391	72.506421	833.095661	844.869800	1175.459024	648.888876	704.807617	675.908413	2706.896995	437.838085	401.975230	80.075840	449.595988	893.791091	428.150252	-138.388637	469.654916	36.156448	-482.517232	413.446398	235.013791	-164.802631	-478.524985	
436.862273	706.893564	394.129218	1115.496626	961.079926	567.817068	129.111278	455.345728	436.851837	835.237516	357.299728	275.751529	-168.058085	846.821065	175.407388	999.820246	1000.569676	1079.022320	423.015728	710.488215	989.607090	501.429017	2530.717245	932.052343	195.920926	533.574830	633.512442	237.819600	619.423114	1013.174909	955.272122	265.865218	388.139324	403.682699	272.015261	-143.135208	
44.782511	140.112721	873.997921	549.248230	433.040000	324.234775	-27.148230	615.510475	299.453811	370.360981	98.173843	11.548854	-319.126941	827.651058	134.711782	290.081476	-34.727498	530.793854	721.488264	-35.659791	-89.052602	-182.598059	779.208556	2755.803847	14.076268	801.014728	197.111478	267.935981	308.108791	246.755104	843.457109	199.234756	498.532383	-166.512995	-91.315308	300.843856	
-229.836111	133.075273	120.583309	80.312951	248.921425	219.228239	334.940234	420.391218	813.964122	902.833127	665.453194	217.086443	526.216853	493.196990	483.982263	297.351583	42.991693	351.253711	662.623253	893.479321	266.739569	27.621210	-192.182496	47.237359	2202.953624	-439.462291	26.329868	-102.595287	345.676434	64.195965	344.275061	419.003829	207.735478	774.100627	387.425908	165.039934	
-224.591912	121.188681	-36.446180	102.508726	879.268384	147.560359	-294.202003	256.266015	-336.909087	625.038290	-293.358932	192.354344	341.265559	156.966333	355.117212	385.769755	793.158709	1417.356316	-105.774538	141.618248	885.783369	95.566988	542.994588	345.704902	-237.823526	2547.102752	921.224279	-216.323434	222.688274	701.226423	227.815809	517.968943	578.834364	318.407703	4.843735	-616.762937	
608.156306	593.892419	478.551949	696.425591	1067.018057	740.946482	5.002519	496.798186	223.159574	673.807138	479.155105	632.206168	328.051811	345.361622	789.041664	230.524638	1032.226446	832.285444	146.521192	19.841026	1142.643677	536.482903	669.673960	576.918459	354.780461	916.558870	2625.215003	94.108130	527.220075	1325.522609	14.837729	459.115787	664.523331	825.264394	458.054342	-660.635328	
247.187479	675.633177	-123.025110	-163.505014	61.023103	156.174699	175.409877	-156.561580	-76.213642	-31.963186	811.397614	1240.996598	113.299058	110.750296	436.227301	7.830939	-647.663206	160.967761	491.704336	658.867784	175.289828	510.994607	428.658300	-93.253337	112.959734	413.354470	698.609451	2377.876215	664.873783	824.910679	-230.282241	481.931210	767.353783	778.539514	-523.662898	-445.278178	
822.759169	245.180587	-253.511583	53.830807	-171.268330	43.721850	0.821765	-434.097397	299.677468	187.349492	413.947044	404.468709	58.142075	312.573916	-108.202243	-14.355196	264.923488	-395.805652	73.260712	190.117169	-484.536184	-44.116031	582.775004	-20.235354	231.054347	285.051539	181.572342	812.618629	2619.385969	1097.441554	380.936322	392.713391	-160.655576	929.488129	-301.683641	-65.509672	
939.335571	230.809957	586.775484	686.713721	517.901798	557.837700	926.181464	548.529624	916.841738	818.141784	234.106556	394.375475	196.707216	634.148066	555.006580	386.491675	1081.717444	1072.939909	316.531153	893.246152	630.002143	-5.285647	785.799409	256.556770	414.673349	475.118447	709.577866	728.906911	1161.257714	3139.116901	-147.373235	547.679658	546.152964	564.484761	5.587333	386.337879	
168.271974	445.453724	356.626578	296.515993	289.663489	207.093746	108.477625	-321.435658	110.060636	-157.729862	288.233849	-114.513449	-290.074851	775.482703	456.913995	320.249595	284.554180	112.780752	-312.560820	59.963224	359.267835	477.357916	889.135143	207.601880	257.469764	385.855036	-139.218939	-508.119257	439.040574	111.257475	2897.643719	-351.114706	691.067019	-103.370318	696.998186	206.927211	
336.940131	-94.414487	116.500360	-223.141693	771.926528	-115.172661	306.660274	-98.241427	834.499394	240.486287	744.041037	221.090268	-879.819174	557.041933	11.188146	-27.140630	-153.335988	83.211501	499.775016	-13.645478	362.350919	-808.690379	-13.841755	421.738112	490.434916	177.924166	324.951836	292.026414	645.633707	422.047876	-290.958641	2521.855660	-242.899836	440.829551	-90.096013	92.816233	
-541.966737	556.998331	720.172914	289.778509	552.052247	203.825866	260.003315	568.491039	261.564488	352.728424	122.045368	435.425340	667.276722	41.252080	1296.253916	395.996561	148.508579	1097.768721	303.069498	904.533843	371.696963	517.637398	-128.728500	519.610898	641.703903	490.734927	423.260006	592.599831	-46.212236	387.177574	455.806201	-286.666800	2468.041694	617.341272	107.313695	-105.648145	
964.360005	86.319128	285.866927	378.940789	1080.623341	193.254318	635.804951	177.200291	1318.523605	211.167894	399.135168	786.516853	146.223888	974.101587	611.705725	613.286066	626.895859	869.339235	261.528882	501.632684	766.310886	641.289681	305.332352	269.463091	481.795162	213.197719	719.312227	409.581204	665.020514	796.898067	59.739919	416.793470	396.280055	2360.044475	316.401207	55.366878	
593.805566	960.578033	28.407244	-187.101629	677.876057	795.787844	11.208017	54.984120	767.198734	-211.447363	606.616428	469.398628	583.799256	612.485707	-112.599708	423.439865	729.590773	-201.311960	252.831861	257.492131	564.043531	-39.839060	373.910602	-136.747175	303.686130	-57.472370	522.283400	-327.642192	635.963579	246.626290	711.282036	316.662844	553.730111	303.563580	2941.629163	-644.703360	
480.078944	409.201984	-35.665646	577.014086	-295.974438	59.665038	286.841133	239.531313	317.361413	296.613643	-117.777695	-390.039056	49.624262	946.365158	577.092651	-11.504920	187.719699	399.947645	607.447688	218.947769	-75.946101	47.845606	378.642035	678.066621	326.639797	-318.067429	-38.317295	161.997879	-136.462317	623.767594	650.851322	-308.368851	137.876303	622.025356	-545.290148	2263.661146	
