Matrice A di dimensione 4 x 4:
38.013535	38.684723	-36.971861	6.347850	
5.219850	-65.620142	7.253200	-75.966692	
55.581901	44.722181	36.226224	33.624039	
98.010040	38.277322	-57.935466	-5.509512	

Matrice B di dimensione 4 x 4:
38.013535	5.219850	55.581901	98.010040	
38.684723	-65.620142	44.722181	38.277322	
-36.971861	7.253200	36.226224	-57.935466	
6.347850	-75.966692	33.624039	-5.509512	

Risultato:
Matrice C di dimensione 4 x 4:
0.000000	0.000000	0.000000	0.000000	
0.000000	0.000000	0.000000	0.000000	
0.000000	0.000000	0.000000	0.000000	
0.000000	0.000000	0.000000	0.000000	

