Matrice A di dimensione 4 x 4:
75.805054	35.550393	-51.504968	-55.878621	
34.261520	-60.624899	33.083388	-28.643189	
20.630278	-34.340893	38.215461	99.531226	
40.477765	49.865616	87.620809	32.758114	

Matrice B di dimensione 4 x 4:
75.805054	34.261520	20.630278	40.477765	
35.550393	-60.624899	-34.340893	49.865616	
-51.504968	33.083388	38.215461	87.620809	
-55.878621	-28.643189	99.531226	32.758114	

Risultato:
Matrice C di dimensione 4 x 4:
0.000000	0.000000	0.000000	0.000000	
0.000000	0.000000	0.000000	0.000000	
0.000000	0.000000	0.000000	0.000000	
0.000000	0.000000	0.000000	0.000000	

