
Matrice A di dimensione 36 x 36:
4.210014	6.936399	-8.267280	6.809220	6.980158	7.207021	4.108589	4.801084	-8.911424	4.396406	0.133357	6.587144	-3.223531	2.124259	7.477125	9.318525	-2.944031	2.573036	1.347390	2.976856	8.902457	1.328019	-8.157118	8.643473	8.354822	6.817131	-3.020686	1.308890	6.774212	6.470034	-7.925328	7.801163	0.327308	1.715053	3.821961	-7.837768	
5.906094	-4.031974	2.734083	-7.640050	4.550426	5.325455	1.560357	-4.521560	0.017672	3.269724	8.288391	0.681479	2.020750	0.157561	-5.499637	9.910701	-6.178647	-4.305490	5.865946	5.077493	6.408233	0.565199	2.205255	0.065189	-0.697046	-6.731898	-2.784583	6.904375	-7.726706	7.026525	5.928654	-5.168945	9.356059	-8.622050	2.364354	9.374456	
7.578769	7.723039	8.582918	-1.024964	5.133284	1.626685	1.005562	-8.528121	-8.659364	8.641859	4.729639	-9.113585	6.132226	6.602838	0.578522	2.790639	7.472002	6.820997	4.147228	3.597543	7.641286	2.676422	-8.164369	-2.663140	-7.304953	9.057422	8.954714	7.780234	2.979023	7.512825	7.767456	0.982531	1.400585	2.120623	4.391020	-5.286461	
6.054830	4.573558	5.407775	7.850086	6.898127	-1.979045	2.666631	1.856698	-2.340167	0.992017	5.464937	-1.711711	-1.507194	0.471872	8.281080	1.345316	2.175822	4.126296	7.752411	3.393101	9.945196	9.962945	1.304680	3.508976	9.004105	2.560421	7.020709	7.369030	8.915058	-1.515828	-2.825072	-0.682324	3.180217	-5.046100	4.889675	8.396515	
0.779178	-1.748011	4.527182	4.682922	7.452894	-5.323967	4.061882	6.085403	-0.070012	-9.476626	2.677969	-3.484794	-0.979721	8.654901	1.539928	9.235675	6.535949	7.276640	-6.093416	-8.568794	2.825869	3.947271	-6.929105	-0.057372	-6.521777	6.854068	8.443606	7.616959	1.255216	0.303481	-9.222065	9.925046	4.095034	-2.409957	-7.970881	2.585872	
9.728666	5.347836	6.202587	7.323030	7.421396	4.654617	2.825040	-9.389548	2.344631	1.556197	0.240066	9.329107	7.432924	1.544455	-8.226827	1.664211	8.459969	2.704916	8.243636	-4.581288	7.791116	-1.874625	-3.025418	-6.594383	-6.384767	2.210885	7.373716	-2.394010	0.491050	-6.288225	-8.386070	-4.770546	-7.320159	-5.264984	-7.237885	3.754929	
3.152239	8.775812	0.799129	7.742230	1.073416	-3.986429	9.196186	9.560392	5.064896	-2.056138	5.810091	5.545271	2.507825	6.064366	-9.536954	3.855286	-2.375827	4.069200	8.301060	1.237031	0.134861	9.224196	1.126749	9.250144	1.374981	1.894521	0.275551	-9.587355	-3.701902	-3.078336	3.155832	2.313810	-5.650388	-5.449855	-8.379784	1.764586	
-4.038697	-3.213171	6.262439	-2.802359	0.884770	8.047021	-1.303312	6.343942	3.768995	6.444575	-6.093801	6.303225	-3.239999	6.000995	2.208629	-8.468669	-9.738658	7.762306	-7.718001	-9.466122	-6.584852	6.724533	3.912175	-2.731358	5.127248	-5.297621	1.707299	4.678375	3.235611	5.812167	5.146540	0.532474	-9.164967	6.407288	-5.639041	-1.040207	
5.367035	-0.243246	5.344534	-8.534116	3.139912	2.389580	7.673622	-5.024299	2.781569	8.732365	-3.468757	0.578226	0.920517	8.152592	7.238817	1.482176	0.266287	-3.146019	-3.934246	-0.298471	8.503554	3.061043	-7.144962	7.906490	7.288692	8.505165	0.105354	-4.842704	8.097957	6.913329	-7.144676	6.291799	7.252767	5.123477	3.660014	-0.856985	
-5.937671	7.264846	6.502783	-1.775717	5.924548	-6.609091	-6.773722	1.381336	-7.351615	7.835129	8.025670	9.706131	-1.910475	-3.502401	4.050660	-5.790467	5.574232	-9.233942	-3.683105	-7.087206	-9.200838	-5.952608	2.889139	3.598480	-0.324918	9.433921	7.908447	4.726009	-5.743350	1.770133	4.981704	-6.053614	6.287516	-9.023373	4.353818	7.051396	
-5.757146	0.149326	8.385623	6.196381	8.250817	2.011153	0.774048	-1.726142	-0.003944	8.054913	9.525697	7.660556	-6.796353	3.544972	0.285666	-5.040931	0.469552	-7.425142	-8.077292	4.180251	4.009502	-8.063705	0.963798	5.883415	6.844094	8.683214	5.391836	4.746474	0.712729	-1.852094	5.069130	5.035935	-4.791949	1.285249	-9.438515	2.851842	
3.144477	9.421348	-9.608016	1.890415	-3.241317	6.886347	6.613389	-1.491337	5.802473	-0.320371	-6.889944	-1.597054	2.767167	6.895083	3.679177	7.768759	-6.304899	-8.608359	-2.726826	-6.403636	-2.558927	5.429734	-2.014556	-1.311768	5.565560	-8.009135	6.386559	-9.713200	2.424338	2.705484	1.739445	8.441752	0.298834	8.439492	-5.837884	-4.408235	
1.752223	4.389455	5.611394	8.396937	-2.835349	-0.876837	-9.673389	2.478296	-2.308191	-1.178483	2.326441	8.087086	3.408916	4.124249	-8.841407	-5.163617	9.137313	-1.501841	-6.474513	7.084323	-0.437893	5.662460	2.424246	5.908792	-6.665311	0.546328	-8.363299	-4.046039	2.838686	-6.167007	7.638398	6.626580	-8.293527	-2.463036	1.704283	8.741104	
3.044219	-0.133586	0.470895	5.321122	0.341647	1.362525	-1.219120	9.528505	-8.124660	0.114272	5.373558	4.231143	-8.074588	2.256649	6.042330	3.736846	7.190315	-6.040470	-5.682217	6.545701	-5.724886	7.179829	8.836387	7.132572	-4.066007	-0.713974	6.379876	0.636617	-6.858062	6.038774	-5.266175	7.763088	-3.031322	4.504120	2.950023	-7.861471	
-9.094582	8.016307	4.370442	-8.136912	0.190498	-3.315418	-9.837459	7.537899	-1.066879	-9.310831	7.886879	-7.175360	1.738250	0.705080	4.918094	4.892450	2.522250	8.346773	6.203694	-8.857689	0.992170	-4.352137	7.844717	8.864390	3.651022	2.061857	-0.792636	-7.203065	6.537323	5.628260	-5.651572	0.815130	-9.992904	8.183036	-8.195245	-6.406657	
-2.142978	5.513613	4.035544	6.676357	7.621771	0.263034	9.354284	9.792591	3.233847	-7.257845	2.754384	8.083020	2.698837	6.382614	-0.774701	0.982019	2.597473	-2.725462	4.061696	6.799986	-2.885202	-0.548440	1.131761	4.518947	7.654322	-2.004991	-9.502919	5.482035	8.485733	9.651707	-8.986941	-0.368550	0.976364	-1.321380	8.195111	0.724793	
1.525909	-0.117144	4.693568	-6.421124	2.782273	9.289659	4.374727	5.687852	4.210489	-8.784406	-2.842718	-4.618388	-6.831607	2.803794	8.990473	3.519479	7.346250	-3.842980	1.184370	-8.786328	7.455110	8.086660	-4.911552	3.603799	7.299431	-5.506297	-8.327944	4.928864	3.362466	6.353870	3.383838	-4.504735	9.870686	4.279463	6.148876	-6.828111	
1.331103	3.884591	6.166568	4.615225	-4.074897	8.866769	4.172639	-0.528603	7.868772	9.765150	8.788734	-8.153946	-1.179092	-7.698514	2.743234	9.873404	-7.427354	7.895083	1.046221	-4.503766	7.447479	9.450524	-9.978483	0.928108	-9.694445	-9.738815	-6.686650	7.175124	5.837212	0.502834	4.838179	5.093333	-3.871466	-7.488396	0.667640	-9.122308	
5.350466	2.754955	-5.552043	8.185919	-2.631081	0.492206	-4.894394	-7.959863	-9.846729	-5.302897	9.641246	4.982635	-0.601374	7.720101	7.413119	2.038885	-3.822387	9.906221	9.288721	-4.886380	9.718252	2.395928	1.126360	-0.567508	3.941719	4.650771	4.338401	3.712423	4.589626	8.452254	-1.673706	2.215181	-4.922799	-4.463039	5.200566	-8.319975	
-3.093947	-8.868516	-5.655265	1.145159	-9.712548	2.874078	9.878477	4.150958	8.760191	-9.961130	-5.334527	1.392700	-9.695790	8.383364	-3.679110	9.902090	0.015371	-0.021332	9.810484	4.166545	-3.942580	2.654633	7.396877	-7.767018	5.107660	2.062272	0.864955	2.217121	0.174957	8.305306	-0.332460	1.161011	8.387119	5.560019	9.738641	5.105245	
7.197341	2.947436	-8.898019	3.800353	1.620513	7.672261	4.437337	-3.238756	-1.952913	5.119820	0.233889	3.670865	1.100560	7.212528	-1.286682	-1.140121	7.110112	8.536887	3.689070	-2.003678	5.451919	-1.365313	4.808508	-5.784453	-0.117675	5.388855	1.667268	0.100148	8.205026	2.467372	2.053186	-8.223297	-4.962186	8.978239	-5.680552	4.930539	
-1.373330	-6.871449	6.758876	-0.303720	-6.387585	2.488832	-3.952663	-7.091405	9.398232	6.669481	0.589218	7.323381	6.060342	5.873520	-4.042460	1.163326	-4.887932	-4.601685	8.694418	6.149257	4.055706	-8.435491	8.183535	7.982531	6.540123	-9.534658	0.415584	-0.889108	0.068385	-2.382264	0.827548	0.045628	3.472801	-1.174341	8.577452	8.859504	
-9.883949	4.172317	7.704971	4.425116	6.861169	-4.907342	7.958886	-2.560964	6.853893	7.568632	-4.046544	1.403045	7.260432	-7.555243	0.662620	2.868241	8.366452	-6.680934	6.910465	0.750144	2.252892	9.100024	8.694335	8.890785	-6.565603	0.637624	3.303034	-0.406499	-2.062082	-0.813286	7.575052	-5.173699	-3.811067	5.598007	2.432776	-3.476302	
-8.495237	3.416378	4.718800	1.311750	9.561181	6.314266	-7.468853	-8.151994	2.977171	6.631450	-8.078228	-6.857055	9.467076	0.099402	0.052472	0.651076	0.492180	-0.473783	-9.663155	9.833608	2.459402	-2.570862	0.003847	-2.700715	5.924797	-5.602087	0.439604	4.447609	-0.456575	8.638481	3.645792	1.759709	5.553761	-1.704642	-3.288496	-6.920397	
-0.995074	-5.608515	7.396914	3.243267	7.275198	5.973940	4.612615	-1.989368	-8.546248	9.701612	9.241515	8.732050	6.479541	-4.929536	-8.296376	-0.740334	-8.509330	4.450342	9.828287	-1.721772	8.350797	8.907016	-3.514222	7.271181	-1.825562	1.070143	7.754571	2.122229	9.665255	6.158932	-5.818740	1.459989	0.812208	8.704961	0.526075	1.663482	
1.908276	9.430142	4.487691	2.039982	1.136701	8.154241	4.212169	3.831000	-0.671261	-8.793858	3.738777	2.487252	-3.808747	8.009991	-1.413097	-3.149468	-1.804893	7.184671	-6.600878	6.124139	7.630855	8.790189	-9.286277	8.785557	0.658154	-6.159588	-3.429487	0.550067	-9.684108	-0.366491	7.513129	-5.761883	4.894098	5.676495	7.740805	9.251302	
2.104784	2.468905	0.694326	2.786500	1.811725	9.820096	5.682269	4.230274	0.597542	9.026443	1.208699	8.023204	-5.787234	7.147194	-7.525888	-1.952602	6.800869	6.289601	7.528057	-2.276593	-8.346241	6.384678	5.533403	-0.054366	-5.739304	3.796524	-9.815635	-2.260785	0.459991	-2.313810	-7.867692	-8.302433	4.133155	-8.008692	-9.818476	4.080845	
-1.891813	9.531823	8.381858	8.475376	-8.258937	-2.572626	-6.062594	8.000001	3.773993	0.115417	-2.574672	8.350499	-4.331199	8.380231	8.642947	9.212393	6.038425	-1.739107	6.227366	-9.062523	2.977609	-2.620718	0.936879	-4.909120	8.825763	2.243332	0.700880	-6.960230	-5.272815	-0.560302	8.828462	-4.633568	4.525984	-1.721497	3.043299	4.947670	
-3.951529	8.570841	1.980859	-7.989042	2.627053	-0.620468	5.403173	8.375065	-2.806130	3.674010	-6.803221	0.406458	1.036553	8.844214	2.234383	1.060089	2.857719	5.292187	7.496390	3.120909	-2.962378	3.134032	-0.880996	2.191569	8.640634	0.719835	-0.396654	6.962202	5.761729	-4.789873	-6.814872	-8.913413	4.827752	-8.768381	8.237657	0.254521	
5.361334	-3.814395	-4.533390	6.525721	5.416229	7.812331	5.386111	8.263167	4.884919	-5.523386	-4.378328	-2.691113	7.759333	6.793279	3.045922	-4.440449	6.965120	8.291695	9.778369	8.016165	4.838557	-2.340287	5.336449	-1.427083	3.835061	3.111711	4.115696	-7.109243	-4.289932	3.758731	-3.502685	-1.578607	5.658462	3.750345	-7.040422	5.915642	
-4.798201	1.943661	6.776823	1.927144	3.635151	7.219248	2.073939	-7.017607	2.520934	-0.006967	5.050847	6.176006	8.179928	4.740334	-6.222375	8.879204	5.170645	4.288779	1.007027	5.776980	-1.885710	0.113335	3.533006	1.932951	2.235100	-6.171408	8.156478	-2.576321	-0.015439	-2.092857	3.538459	-8.165290	-9.523166	-9.447411	-6.823762	6.154358	
5.890141	6.777972	7.814484	-5.680188	7.754424	-6.630893	2.956858	9.043817	2.721565	1.826492	8.895927	9.823109	1.234140	2.261592	5.205281	1.712363	5.145707	3.247577	-1.020816	-2.050071	-6.739741	3.653474	4.463500	-5.754114	-0.916983	4.318806	7.073136	-1.047234	7.559545	1.402134	-7.490892	7.371755	-3.890688	-1.536247	-6.139520	1.864198	
6.137784	5.007115	-2.761916	-3.164194	1.522302	-1.156963	6.752551	-2.237728	3.960713	4.905031	2.839841	-5.683099	1.615013	8.551664	7.632384	5.070593	2.135646	-2.765780	3.772926	6.403949	-1.920216	7.969542	6.027674	6.411526	3.536720	8.796075	8.752165	7.892212	0.408539	9.146470	-9.065171	3.475586	0.386915	-9.740605	1.013362	4.251536	
1.549778	6.180495	1.313446	1.468241	2.684069	5.990183	-0.182125	-8.637365	2.737874	9.973593	7.518905	-5.450095	-5.928048	2.416977	7.417062	-7.924682	-3.040368	5.014789	8.650225	8.420964	4.135630	6.978143	-8.272912	6.751621	1.709481	-1.075689	7.459348	3.430862	-9.107848	5.479544	8.650111	5.340030	-4.332718	7.224011	-2.201974	0.060080	
2.310093	1.889600	8.989318	6.938598	8.093581	6.152533	-9.426860	-8.269596	4.507197	-2.958353	5.477299	0.662540	2.326178	7.888826	4.309858	9.625498	-3.432499	-5.347329	4.923154	3.134888	4.350172	-0.213856	5.344323	-1.465418	-4.230495	4.730457	-2.609856	-6.886852	1.433175	-5.293896	4.772987	-7.920167	-4.165690	1.103973	0.294226	-4.167250	
5.615286	4.838813	-2.426428	-7.048410	5.104569	-4.562537	-5.087540	0.862492	-7.013644	-6.259517	4.088583	-9.905119	-7.521839	2.778631	9.667719	-5.857656	-1.072376	-6.526929	1.609091	9.364498	-1.225092	-7.081241	0.621200	5.594659	4.003969	5.452903	6.194414	-8.173759	-3.602501	-0.086820	-5.156906	1.024165	6.350569	2.639032	4.103396	1.244319	

Matrice B di dimensione 36 x 36:
-8.944855	6.009109	-7.445020	-3.822314	5.146817	9.090731	0.816860	0.810487	-5.244924	-6.783532	-4.878121	9.870532	-8.558267	2.190383	-1.113930	-9.021143	-0.802540	-4.705133	2.100636	9.795170	-1.069995	8.083218	3.838541	-4.996200	4.931675	7.115264	7.173008	8.052372	0.277410	5.271847	6.946984	-6.595350	8.044927	-2.500180	-0.198432	2.841130	
6.054297	4.058687	6.159995	5.330630	9.349895	1.903076	0.611090	-8.252638	7.310495	-5.138658	4.669597	0.225374	-8.299779	6.518655	-5.574306	6.735628	-8.672077	-3.846233	-7.340387	-7.198881	1.765847	-3.454913	9.033739	3.394078	-7.189250	1.019974	6.166005	8.957451	-5.610929	8.628976	9.383292	3.054251	5.570103	-3.882793	-9.862862	0.616986	
9.909661	0.331578	-3.898705	5.661260	-1.420656	7.466106	-4.873561	-2.588936	4.451401	-0.866597	0.544446	4.609954	-9.512025	5.649579	3.180615	8.848690	-8.344518	8.566927	2.932380	-5.299681	4.162803	-7.563969	9.665786	9.792371	7.484691	0.124473	2.574451	6.746085	9.387596	-6.631509	3.760359	8.693099	-9.323795	5.269042	4.595030	-6.704405	
-3.489870	2.614980	-2.285713	3.509892	8.748642	-4.107070	-9.220455	9.676369	0.237589	8.431956	8.150394	5.700275	-4.918991	3.605281	-2.112281	6.605571	8.622306	9.883306	8.418270	8.960036	9.590609	5.495138	-2.425695	4.232925	-5.435123	4.563781	0.661025	7.679254	5.730558	-5.000300	8.824184	-0.203064	-7.465107	2.786005	-3.925966	1.581352	
4.086956	-9.969697	-1.034500	6.303298	-1.005959	5.076316	5.555631	3.720389	-7.773042	-4.952305	8.351235	5.897546	-3.513851	-4.410332	-2.957718	-7.969719	3.834186	6.194816	-7.266338	-1.907421	-3.662049	3.566609	5.711242	-3.561366	9.155259	-3.198952	-8.574766	-7.809968	9.654966	5.507088	3.576169	-2.348652	8.903314	-2.059956	0.361578	-5.285349	
9.464503	4.261940	5.517996	3.483629	1.955502	7.040522	-7.677184	7.576614	8.603512	2.122621	-9.234440	4.344298	-2.403398	1.433812	-2.924734	6.536509	9.123859	2.749271	-5.347445	-0.033398	2.221100	8.454119	-3.485560	2.951640	5.688541	-5.795711	0.868755	-0.819275	0.504423	9.382763	5.363961	3.271155	8.787398	3.565962	-8.230167	1.718869	
2.300913	1.208848	4.110150	-0.543995	-9.412892	-0.759285	-4.558968	-5.251902	7.924052	1.258217	7.448640	2.404619	-1.754995	1.254779	6.443751	1.442622	4.748686	3.518095	-8.367432	3.560544	8.681089	7.850544	3.644545	2.629796	0.787024	-2.258301	-3.379951	3.644890	6.906837	8.624873	6.522706	-8.785670	5.814434	-4.841188	8.725335	2.722112	
-2.805804	-3.846785	1.869099	6.059245	4.420315	9.020518	7.892336	-5.393947	3.718098	6.849081	5.762445	-1.367012	9.070373	2.272909	7.506352	-9.564119	-1.370130	7.707845	5.562139	3.274173	-3.051438	3.503176	5.776853	6.703242	-1.577483	6.666578	-1.600005	-8.359978	5.997173	2.535484	8.832292	6.128371	5.739727	1.719796	8.052230	6.960939	
-1.531580	1.864549	5.840433	5.593582	-2.718338	8.348588	-7.314733	6.854064	-0.385625	9.913864	4.292458	-3.597504	2.485682	5.798168	8.441301	-2.297656	6.109551	7.249922	2.688100	4.469654	-3.412831	0.223518	-3.302704	3.108395	7.188109	8.551261	9.565109	4.718522	1.195730	7.222659	9.555405	-8.339081	-1.936849	5.347821	5.838296	7.529300	
7.171486	1.446553	-2.739186	5.850350	3.983542	-9.348102	2.220080	-0.906737	5.118286	5.838957	6.322766	6.860632	9.388386	5.277920	-5.554445	2.987612	6.532168	-4.337441	3.754017	-7.630334	-4.498781	-7.283711	7.678510	4.716409	-2.800519	6.276984	-6.015491	-3.007421	9.437795	5.824282	-8.398989	4.605809	-6.614416	-4.998847	7.305302	2.851088	
8.658756	4.306221	0.803655	-1.909245	2.348503	3.998534	5.726896	6.576688	0.230446	-8.228761	-2.889144	-2.434799	3.956786	8.066333	-0.747384	7.447339	2.416916	6.012369	4.844812	-4.646888	7.154294	-1.000934	0.141914	0.994398	2.651682	1.710557	6.756677	-1.853248	8.246708	2.329699	1.649601	5.299043	3.146834	-7.165021	-7.454449	8.378403	
-2.901541	9.767072	4.093606	-9.029195	2.092006	6.579117	-2.187059	2.899890	2.394127	8.604088	-4.732866	0.318874	2.655164	1.672427	5.246640	9.788731	0.378077	0.565752	9.584375	0.019347	6.765313	-2.258702	-4.036400	-8.569739	7.992003	9.617924	6.851681	-0.762034	-9.905387	6.979395	3.863003	1.718972	-7.090701	7.470062	-5.885968	-2.870708	
9.840507	3.744154	-8.397587	1.163801	-8.548539	3.823440	-0.759715	-3.663889	-9.321119	0.896726	9.760338	-3.264294	-2.894185	-2.475067	4.017962	2.316170	3.301172	9.958540	5.010148	9.951775	1.967817	-0.924199	-7.957653	2.418366	8.067042	0.721440	-2.932240	9.300200	0.813303	4.859843	-3.339935	-2.909485	5.852247	-1.184539	-6.881351	-1.327181	
-6.597297	6.552716	-4.232533	-9.367434	6.984787	-0.076487	6.524997	3.482759	3.953526	4.452528	8.178082	-5.958768	-5.346950	-0.192603	4.109146	4.304264	1.752450	-6.919928	-8.558378	7.879466	4.890454	8.224811	-9.806136	2.313402	2.862764	-2.720731	6.342594	9.087408	8.111520	2.890089	-6.270568	9.625944	-3.970579	1.396954	6.838437	4.751644	
4.719682	9.688808	5.192009	-5.153736	-4.923384	4.623323	-9.077640	-6.342536	3.199596	9.266747	8.862286	9.922005	4.337690	-1.878250	6.529925	3.879037	-2.535533	8.832382	8.038892	6.120793	-8.320506	6.923305	3.421372	8.753624	9.012392	4.113104	4.153022	1.276643	0.074061	2.413934	6.502673	5.990378	6.693723	4.638994	9.650079	8.588039	
7.849365	5.175111	-3.138882	0.976211	2.875101	-9.439469	5.430615	3.234404	5.155966	0.987730	8.543681	6.858002	4.489044	5.245250	9.449523	1.562389	8.291362	-1.863383	3.326623	9.138175	1.064267	-6.724439	5.999551	4.693478	-0.092796	7.455663	2.730071	-7.746809	-7.386094	9.865754	-1.520623	-9.502407	-3.305176	2.183929	6.472326	-8.238376	
7.435154	7.072987	0.407813	7.305223	-0.070627	7.549280	-8.453522	6.974568	3.466773	-7.571138	3.706785	3.187765	3.746149	1.721242	4.190006	-4.429948	3.202441	1.065349	5.254989	5.918733	-3.515066	-2.485875	6.189791	-0.313270	7.006247	-7.957316	4.218456	-9.044995	-9.043915	1.790621	9.035197	8.252909	-8.581871	-7.529125	0.556570	-7.279159	
9.718029	7.116859	2.167479	0.568677	-0.118417	8.070234	1.189359	7.879463	8.735082	3.476637	4.741088	-9.363202	-8.904785	-1.668174	0.012467	-3.608448	4.514864	6.684069	8.900761	3.032641	0.191219	-3.026503	-4.872706	-1.258409	8.464530	-0.413321	0.901802	1.537683	3.471741	-7.933046	9.650793	6.867052	7.090080	3.142507	9.111309	3.610157	
9.361363	4.596523	-0.166226	4.834861	5.735712	3.115148	-9.564588	-8.717011	-4.815757	-1.718885	9.191005	2.415112	8.831679	6.646662	-8.875241	-0.280587	8.557432	2.592833	-8.902872	2.697094	-5.407142	4.181557	6.378249	-8.580809	-9.199982	-6.427882	-9.093566	7.461518	-6.745941	6.186237	7.891407	6.159863	8.669553	8.232648	6.842139	-5.373283	
3.399036	3.961415	7.880682	-9.631884	6.078896	8.634560	-8.636312	0.109185	-9.286269	5.495776	0.577934	-3.787932	5.183149	6.719657	-9.544949	6.415873	9.290875	0.277507	9.193944	0.998720	4.906471	4.043315	-6.480772	8.974802	1.541528	6.251362	1.264464	-5.373115	0.143579	8.116362	-4.313128	-8.535157	4.457472	3.574807	2.830800	-1.147883	
2.078974	0.628831	-5.064722	-1.281230	-9.571076	0.206227	-0.058055	2.582476	-6.597763	1.154422	-2.122535	-0.046425	2.107887	0.369961	9.502286	2.430390	8.954422	2.801147	3.780318	8.990648	0.265515	-5.305779	3.021311	2.074716	5.688201	3.956593	3.976946	5.940019	9.058366	3.143065	5.751320	2.868521	3.794992	-1.638334	-3.270181	7.966472	
-3.453967	7.961244	1.111793	9.329540	5.354076	8.720074	-0.357856	5.178506	6.287264	3.826534	0.922980	-4.821985	6.132974	-1.180902	-4.296868	4.321988	7.070480	4.549765	6.892357	-3.434852	2.123439	4.237204	0.443394	6.870147	6.286692	0.809471	7.417601	2.154744	1.465163	-9.483234	-9.514209	5.033565	4.033971	9.847488	6.332587	9.350554	
3.759761	0.705664	-9.517613	2.762707	-9.942458	5.889681	3.358385	-3.256256	7.334877	5.568526	5.092016	-6.566239	-1.087898	-8.490844	5.082047	-1.775180	0.555442	5.606460	-8.489431	2.046643	4.140635	-7.869092	-5.740764	6.753298	8.765087	-9.634856	1.518763	5.679370	-5.187678	7.699890	4.406622	-6.098960	6.844163	7.504198	8.688589	6.751549	
3.515920	3.502054	4.816330	-9.980949	1.660441	3.811213	-9.029816	0.750012	2.115619	5.386251	-1.539763	7.034388	1.833265	-6.450270	8.104000	2.064740	5.723708	4.269639	-6.899642	7.263763	7.200265	4.463464	2.981916	9.871543	4.844981	7.406883	2.510992	-4.372752	0.136616	5.245785	1.977928	-5.695705	9.334630	8.966750	2.971817	5.790541	
-8.398910	-4.501406	8.117591	3.655027	-5.766536	1.113549	-2.574593	7.922527	7.417767	5.147245	1.167492	-3.955140	6.917098	7.352496	4.390332	1.348570	1.914130	5.339253	8.036280	6.080721	-7.232823	9.486549	0.171926	0.042934	5.332445	2.674114	-5.933010	9.512155	-3.090170	-9.128003	4.700016	4.415605	-3.838448	-3.113032	7.311952	5.917023	
-8.967083	1.029959	-4.921383	-4.293421	-2.488769	1.003623	0.810768	-6.838185	8.295893	-5.269454	-7.975757	9.090280	7.612783	2.459586	8.570090	4.144118	8.725630	5.244254	8.440522	2.577198	4.422836	0.014329	-7.975847	6.141066	3.757023	5.257859	-9.313004	3.074086	-5.355904	3.613007	5.459927	9.489480	-4.194268	1.880923	8.865495	0.764438	
-5.616664	-3.366092	-1.998656	5.137641	-1.552869	-4.010715	-2.017674	6.400436	0.807574	-4.775528	4.830876	-4.602310	9.441094	4.322289	-5.743391	-4.138115	0.364725	-9.080331	8.146919	-0.308190	-5.962770	6.334382	8.732644	9.838799	-2.737523	1.671060	-7.545154	-9.563927	8.339880	-3.318473	1.533702	9.112930	-6.824644	1.910583	9.382854	5.320911	
8.193518	4.479692	0.173532	-0.884275	2.076735	9.890724	7.231637	7.351023	0.219984	-6.952092	9.265648	6.535147	9.866903	1.369558	3.953373	4.109582	6.323859	-5.896945	5.332036	5.975430	4.181775	-3.090927	-9.909025	-7.538651	9.590567	6.089935	2.958629	4.478633	3.367714	8.605059	5.969156	9.632464	-5.765968	3.550171	0.940627	-2.065604	
-9.547212	1.305665	-4.779453	-9.949704	-2.128657	-1.719579	8.223664	-4.809761	-1.368489	-8.393302	-5.616502	-6.635441	2.760608	0.164143	-5.677967	-8.905359	-1.935489	8.585952	7.616732	-9.127586	3.212443	-1.457522	-5.024168	7.901324	0.054670	-9.344357	3.643920	-7.787278	-4.389492	0.541367	6.029944	5.376131	2.297874	-7.880396	-3.046437	3.428688	
-3.122928	7.154135	2.885005	3.732955	8.785948	5.990585	-6.513439	7.349854	-3.305124	2.599881	-5.906769	8.947578	0.014436	3.522161	0.638118	-9.201202	4.628905	3.909364	0.899292	5.223039	8.439207	0.755126	4.104709	-5.091088	3.845255	8.046427	-1.052142	6.813551	9.885278	7.888702	-2.102964	-0.936747	-4.011998	-2.951819	0.692969	0.994483	
9.104836	1.873672	1.107968	-5.443255	8.415805	7.613182	1.966019	0.494016	3.959563	-8.751827	-3.013264	-2.451168	5.680320	6.722524	0.067688	9.884135	6.706333	5.168912	-6.240015	2.954256	8.992989	3.549935	-5.498074	2.672688	-1.693157	7.536831	-2.333101	-2.070824	3.361077	4.143320	8.353165	8.363089	9.392428	3.153236	-0.165395	4.874390	
-8.312099	3.577266	5.454495	-5.772568	0.080027	6.160604	-6.672730	6.470597	7.454267	7.438531	1.560619	4.642507	-9.580260	4.261427	-3.502997	5.266030	8.777255	-5.769943	6.496285	-6.253977	-7.306799	1.319791	3.552142	3.229740	-8.471405	9.017220	6.239531	9.597028	-6.307414	8.091254	-0.546385	2.318585	-4.343191	-2.853435	3.292817	-6.852114	
-9.134215	0.051255	9.082379	1.341674	0.575000	7.812004	5.500462	4.745249	5.079947	-9.356068	2.324152	-1.596017	1.586969	7.160107	-8.329897	-0.953597	6.613494	9.088270	-0.346190	-1.833683	7.076324	9.109097	8.977231	1.384189	-8.682824	3.829645	4.374697	2.739114	-0.904287	4.005331	6.957185	9.043835	-6.899912	2.987029	1.382689	7.322454	
-1.340795	0.292884	-0.562316	2.582060	2.448454	3.889709	0.107839	5.689649	-7.231866	1.507441	7.195313	6.639547	5.830220	2.199236	4.053693	-9.751270	-1.892081	-7.067039	3.559841	-1.091108	1.258366	9.342738	9.873728	4.798462	1.914176	8.889086	-4.508648	6.353121	-1.584795	2.217733	1.192498	9.724632	-9.597876	0.602849	2.461126	1.349686	
-3.082301	1.038831	-8.857581	5.224444	3.299574	3.061265	8.185146	3.717958	3.159740	-8.623244	9.308869	8.775974	-7.662029	-5.704087	3.858257	-2.600166	5.138341	0.361575	3.666800	-5.826290	3.367726	-4.804944	6.150312	-7.136360	-5.528427	0.311549	1.747085	-7.574080	1.739566	3.466438	6.071727	2.756700	3.786978	-7.004030	-7.975068	6.293865	
1.156958	-1.128874	8.977822	6.793936	5.276282	-4.381517	-0.566926	8.493721	7.832902	9.048175	7.878732	-9.014276	8.051300	0.518131	-1.836107	-3.560880	-0.977006	-9.395869	1.544923	5.616923	6.146914	-1.115635	-6.540517	0.145955	-9.719349	-6.057434	1.289235	-1.297920	-9.184805	7.950950	-7.277770	3.585561	4.359424	1.573485	2.216246	7.331255	

Risultato:
Matrice C di dimensione 36 x 36:
-230.855360	316.444436	138.744234	-281.994558	173.008812	88.705897	-85.727171	104.976309	142.396834	154.302636	45.143915	620.639543	11.681068	139.811248	147.825495	59.778435	514.541818	191.188194	354.901107	181.303389	20.266909	326.542307	287.573331	110.970190	137.569034	469.677886	19.697288	80.186173	68.751894	379.904287	328.399386	93.241890	137.259905	-126.284134	28.892421	75.126667	
446.828527	92.557213	81.474165	107.053240	160.366295	158.897126	164.112625	244.486974	-64.050901	-182.412466	63.014078	32.299631	178.927420	205.100531	-94.161164	185.259237	392.743211	-22.443435	-307.064239	241.359577	351.209506	-89.533541	-11.286446	-281.062516	22.108432	98.118047	106.498976	20.040676	225.113260	549.910903	-151.247889	-207.923603	316.845637	126.572459	-93.935654	98.516123	
422.693927	360.394726	-340.260977	44.841742	291.598673	241.827845	65.478961	89.983762	-46.635957	-700.883885	189.716448	433.049070	-70.317092	316.300478	-198.330352	144.143368	393.912059	-28.109172	172.491834	39.563980	183.915188	-14.142064	278.650321	157.548518	173.809050	156.443817	-101.850062	132.016084	529.497093	255.473818	208.570927	641.261836	-19.734472	-243.808900	46.622142	-78.118245	
42.976075	236.117616	29.043723	178.071895	61.413185	313.012201	-40.232610	213.924469	231.978374	-59.259160	459.301377	66.278561	263.371750	208.951167	-38.638594	56.926061	378.104190	349.911279	439.872109	240.024958	87.282243	169.019426	174.977566	289.407078	190.883912	3.207898	115.159361	102.536489	189.052897	100.323590	458.601202	442.829218	264.382742	85.516267	326.592730	437.856766	
-216.801708	91.889430	-13.299398	41.966142	-53.046746	89.439523	143.235675	322.104857	230.558742	-58.474738	289.796678	77.643335	-115.347818	47.711484	267.057512	-159.423368	117.552271	0.160770	332.434472	281.113324	-12.241142	88.190474	98.154626	210.048265	174.126677	103.233865	205.629923	3.817212	200.820975	-46.052682	154.809557	317.257837	-341.066980	-6.006953	380.392769	-115.887062	
298.757799	120.635781	-309.456449	226.026393	-79.176964	-151.665979	-226.398234	40.110251	-172.561222	-108.404089	69.710274	-12.787073	-247.720447	93.524038	-93.521964	96.683128	16.413146	-103.320702	10.352624	201.994017	-34.326953	-187.262943	9.546891	-196.033215	197.291185	-320.538108	-3.581153	163.774993	-31.151975	87.764804	170.910676	-59.326986	-63.973122	-42.683527	-230.158877	-365.852826	
90.044047	172.606737	122.561111	24.398317	240.678030	134.807092	-213.524890	-85.735474	238.747348	368.357533	149.545097	-264.102140	-39.579152	216.031580	91.646237	263.428061	222.947162	244.509721	-167.520550	260.405421	243.964307	162.631914	-6.147851	259.488912	-41.810758	162.013374	106.632061	246.392198	44.750988	103.627223	158.809153	-216.203080	378.001293	280.293673	249.725551	137.718644	
-25.978663	10.098932	66.119984	99.187117	37.697219	205.838500	98.665478	187.351361	309.163341	466.938739	-80.061372	-184.965673	7.654637	-102.722848	117.514087	-34.570956	-228.682686	8.014621	40.752089	-177.295489	-56.830702	88.039180	-221.392164	111.463035	432.946078	91.814901	-24.341449	194.318826	355.539731	-254.079550	-99.167270	346.302506	-91.419122	237.073334	280.788807	223.752309	
-409.601979	203.694273	76.691396	-189.088194	-181.976645	108.815217	-119.359376	62.380277	164.362059	73.016608	-26.349507	414.868318	-11.989442	124.337501	236.288883	-81.823045	262.330715	101.045290	207.702589	31.369928	-19.316876	285.611398	361.659045	335.685027	256.841064	305.991762	93.805410	233.072882	184.359875	285.142201	4.258102	197.787920	-160.765295	-166.789170	314.128941	237.554699	
121.595179	-120.268291	36.426692	160.565199	157.374261	-41.966866	217.580083	-111.945353	316.788849	-364.097893	19.593703	199.793359	309.040777	58.067907	-23.469767	258.693867	-276.135958	-4.273793	6.447455	-263.293660	161.917864	-280.767294	173.045321	-56.457561	-99.274055	17.299888	-176.926534	-352.932472	-11.668691	106.956864	58.929269	491.517295	-282.342436	-43.252865	-109.735457	28.256331	
44.190570	-106.101538	176.187487	-256.618416	-19.223313	-0.910234	-152.153076	221.698257	166.071793	163.012335	-145.132916	147.449470	275.699392	269.838073	142.894220	471.119425	117.053139	6.462569	183.644494	-47.207380	183.881551	40.766046	-114.613969	373.635184	252.533879	284.545283	-102.503404	2.755842	288.827284	185.720260	85.894299	303.629662	-355.586269	-12.984952	100.381619	28.322884	
-399.237215	81.675503	183.545770	11.435370	62.799898	-212.851418	-172.062834	47.860482	117.310275	306.213856	92.728181	16.777273	-107.344847	154.676068	-38.490694	-53.308824	-10.951060	-216.448549	-222.209809	55.751426	-188.019777	515.340282	270.606948	274.632886	-223.837592	210.622111	115.715495	344.619523	-87.154720	168.413048	-103.575853	-218.389814	-15.216161	-37.265786	51.995820	138.078653	
85.624505	214.271476	-81.983005	-193.035424	383.878651	235.958252	-82.433800	126.320704	87.148230	157.433011	-161.484567	-203.339970	-248.390095	-51.607315	-33.061499	372.640871	-4.207157	-7.752279	170.404163	-53.708479	366.604245	-266.444267	-376.745356	175.353278	-15.744061	-1.905784	412.220976	-49.896915	-275.969487	32.394877	-108.025051	60.311510	54.938912	66.228306	-397.315300	-69.255107	
-113.219684	264.665585	-18.349085	-26.249165	268.777466	302.817219	-160.216699	173.859747	156.104634	206.628685	81.414409	434.398480	41.427037	-41.107145	108.784049	36.077736	108.057944	-84.369009	220.710448	2.420007	54.378554	153.683048	355.238112	330.516949	181.751458	318.473258	195.056751	-210.554838	102.450553	163.714791	-20.493517	24.710706	-171.493478	132.354816	211.547509	19.774504	
287.045936	4.703371	-108.187276	18.489403	-194.703602	48.100547	-6.383385	-291.165604	-2.653952	65.006748	-28.461081	-118.678690	-29.936927	-116.111432	335.813574	-304.051003	-377.197680	276.993023	-116.128355	-20.058553	-283.161441	-203.598796	217.200353	310.597159	282.147804	-202.296540	-76.992802	77.264432	-140.910545	-185.131520	200.548443	187.388282	179.604845	23.567874	192.537388	-60.850039	
-70.677334	207.294824	170.386339	-7.877227	147.063239	454.787805	-52.678560	88.306409	42.763409	180.086914	350.780234	160.072669	-104.571315	85.178974	225.451007	-64.591253	186.879572	472.832060	80.468957	184.835459	377.164237	162.404972	-6.120424	-56.700241	239.975654	45.331818	205.413779	165.978538	40.159290	421.785897	410.490604	-78.065462	92.945913	-46.017342	-56.333244	39.004164	
0.690155	165.610753	187.217045	190.976565	-23.634704	526.774026	17.737222	155.905037	171.219657	-241.438571	20.950991	347.472398	43.503377	49.140856	370.151690	-176.565936	134.214304	414.349529	-175.822358	189.779306	13.507527	358.185824	418.956140	-16.120191	357.582864	50.586920	283.062707	73.235432	156.450173	70.949898	506.158502	313.607293	134.629682	32.039744	57.656911	257.586522	
629.213366	335.303012	-10.218746	101.880761	177.228293	73.622797	-24.794941	78.832655	133.856972	-43.112473	-5.135492	251.037328	-212.043293	230.890280	-65.280788	370.667147	347.678417	322.424105	99.314448	-179.433505	55.299626	-277.190507	187.220894	143.992611	67.599234	276.598773	409.661320	45.087382	506.771771	84.391778	184.094569	-101.974478	312.150791	-29.605142	-175.300055	68.599743	
-64.539350	475.150360	-289.210678	-291.100925	121.528597	85.449328	-1.093074	152.863913	25.051820	-156.522346	-46.725130	182.902004	-164.025889	28.286515	29.163207	200.346110	301.128499	147.619972	275.760794	249.495248	96.120222	60.055399	-136.143492	-213.783608	208.180406	64.511478	115.753449	388.279585	133.686006	-65.095611	302.064798	356.662800	150.282908	-12.745080	-88.106522	170.846282	
-420.406874	192.343484	175.674418	115.288494	138.060398	192.499841	-20.207432	321.168451	334.416523	195.541330	289.508127	-108.395263	293.401592	191.865875	177.206008	-227.901602	460.771823	-33.058760	5.258354	296.661914	252.002738	325.532755	-99.683905	-122.322718	-223.367499	25.667293	63.145724	136.279209	-274.099598	320.899093	216.336426	28.291252	-198.104025	227.572075	496.115498	205.355526	
108.839032	260.585688	-168.425080	5.092005	68.421116	22.690429	28.340473	139.246992	47.406096	-42.817375	61.738509	-80.680650	177.878229	53.385123	24.010839	-217.839052	195.303013	-65.068219	21.351338	299.306624	165.416513	162.594041	-234.915340	-28.483419	271.239712	-212.250077	-106.704296	151.869610	-36.487626	257.698771	264.628663	283.282633	130.108601	-110.227598	71.215120	180.940607	
181.390418	96.351309	-5.791213	-104.676933	-56.599451	11.472697	-190.356243	213.998401	-47.076380	352.329496	251.130558	-180.072797	81.928927	93.607652	55.129153	251.642394	247.472014	-2.148476	-84.512877	173.706107	169.991012	-115.259434	-141.188395	-3.349960	-53.997746	38.640941	138.629533	195.503684	-84.462463	356.047546	-65.636265	-145.432981	-23.034641	237.094404	-12.970239	173.159681	
612.530554	90.609364	-173.354572	377.700711	-99.773557	129.790202	-328.027452	-183.362577	-34.381716	55.049255	485.969837	229.244696	292.950017	-23.952518	205.908156	190.375321	263.654058	360.854239	-168.612645	28.476881	175.134104	-206.687804	342.434398	384.057073	246.586463	52.929767	-177.134471	-94.339656	108.135145	260.760404	185.320113	-65.810117	62.757320	275.106479	213.576570	-35.017976	
264.802276	-94.121727	109.496299	113.563729	-53.399422	113.841237	-125.187725	262.105522	-199.362091	23.073504	66.098112	33.168004	-148.297048	105.678441	-201.508108	161.849203	193.006270	196.560367	47.922764	-25.798281	-40.716528	-55.337271	-39.943380	192.875942	282.183066	129.713371	-81.390787	119.113541	349.501701	74.371349	-135.707658	-49.790348	-201.254632	-61.729321	-133.869620	-173.146125	
177.301860	133.248961	-152.648468	96.460131	41.166195	88.133216	-11.099928	237.305197	-131.611270	-34.656802	35.749806	168.202330	227.133611	125.933221	-205.864628	9.160769	421.186484	200.136419	294.207478	-177.689859	310.801821	55.157040	275.788074	108.525087	148.196214	133.053909	-238.515954	54.457374	419.904366	120.446611	-52.149165	351.689174	11.712454	88.448050	-16.116281	94.632371	
214.351165	218.687254	410.498324	53.479195	437.558250	497.965191	-40.609085	437.776995	216.749702	65.343825	111.145112	-77.960089	-201.666814	100.728118	109.959382	282.510231	139.348907	28.705438	-94.751645	216.474778	527.070701	369.611643	64.501399	87.456696	90.556832	272.478696	381.983206	109.767375	313.835279	81.103327	194.545459	248.589957	358.631784	199.847525	-223.733118	462.557751	
205.464196	227.522931	122.399412	182.389977	229.677648	103.100355	-35.694728	-81.307850	428.847310	187.960669	-63.749188	-166.372022	6.914449	22.687447	-179.476182	85.942378	99.436398	162.739707	-316.348619	-33.018164	237.414468	-23.881807	-176.542462	-95.968661	101.453338	-411.857055	105.729916	12.272606	-142.581403	151.081131	38.448105	24.887615	103.415635	217.638902	151.164188	-37.706989	
27.418162	236.274884	77.141575	254.631764	281.602776	-5.315335	-84.331224	0.735025	506.570356	207.611953	315.083085	38.077919	139.111010	372.286855	340.008208	298.719710	-73.311747	199.598847	116.135927	314.728128	16.517328	-10.625185	276.719942	117.138141	-173.631303	188.521350	160.081710	236.967448	-211.231149	-5.590791	470.904776	509.669493	-281.236658	200.785445	208.185371	181.485360	
105.492881	63.770275	78.937346	130.202250	1.038261	137.285791	264.893022	-270.973089	325.940899	-105.228135	455.680648	-143.717427	159.823963	-13.777124	11.605796	-37.110346	8.554820	146.630646	-60.729544	-5.115628	-73.427730	12.797163	49.699372	3.803180	82.447200	-283.633992	-61.749506	-139.440290	-30.855372	71.909670	217.612120	285.019657	218.207857	27.292568	299.490969	130.638739	
5.540972	127.269388	166.955694	178.221101	-75.691837	427.274561	-438.811020	183.868540	-58.265182	372.167295	340.791269	-160.180956	97.174380	111.091550	34.469616	-304.095682	411.551123	343.896133	29.987498	649.725143	-13.790616	574.488750	-64.830933	179.102658	216.805295	-95.392761	-168.143760	303.218195	71.316439	256.643012	395.966377	66.980430	306.818704	219.812464	437.091601	239.271046	
663.393028	137.795303	5.327419	84.181633	1.210328	-93.898478	-214.509245	201.605155	95.630335	150.359193	119.335241	-413.148020	26.401602	102.824674	-9.876623	372.272178	89.425801	76.491875	-83.883434	235.999991	207.552784	-185.296320	-301.277688	172.281208	335.037835	-296.700304	23.011118	-181.057575	46.527409	88.839709	-96.877388	-203.299946	154.518806	156.095801	-29.915838	-141.332743	
-74.807508	192.281050	-20.564298	73.959624	-40.062423	302.464579	118.727360	-94.848414	238.143651	67.190609	186.241170	-46.926795	13.396439	170.926261	63.522966	-138.272225	-223.593546	103.987354	386.720456	-171.190217	-160.338320	-95.974415	200.219228	231.620416	321.023677	41.176184	186.997367	-20.906477	-31.755971	175.266077	184.878904	228.609822	-91.145227	-78.982915	350.452441	-28.282054	
-84.206921	359.102944	59.073874	31.065943	42.531523	187.798753	-162.916039	64.317865	297.018129	113.883751	355.291473	203.909980	258.402139	116.900691	62.750591	21.660104	417.051078	-22.621014	115.218841	314.841517	27.179759	155.599817	-14.486084	295.386203	235.263967	96.462499	115.079378	181.631334	107.418011	503.018023	-18.675824	-22.860696	146.163561	78.382241	562.608061	284.525732	
405.020645	300.503707	358.940947	50.156865	425.125257	312.941834	-527.429768	317.082566	8.528817	126.269162	132.127836	266.998230	200.735743	375.543064	-318.383093	368.694482	418.981467	-154.513473	23.588945	-6.002459	-33.877652	392.598214	245.448186	199.957279	55.421553	423.030786	-59.351024	311.289600	480.789286	157.511461	38.377138	399.506009	191.479508	176.718893	221.249873	265.073574	
330.896908	118.741668	-365.716115	-88.157110	86.899516	-5.993309	-35.899150	-97.440678	-199.767156	-65.701878	15.823242	141.942189	-158.040340	57.848726	94.518399	353.114526	100.368126	296.382681	-166.422962	134.546837	149.767007	-70.300351	-104.078335	228.247362	287.478115	-71.633889	89.420228	98.673474	73.757168	121.181869	111.560097	-62.084426	165.564719	236.869427	-150.841013	-61.113907	
-377.967270	-217.427423	140.763457	-173.821286	30.331994	30.713862	-31.716250	-221.905602	-161.895076	-229.738134	-50.503039	155.042635	-2.003315	-11.891574	-201.336676	-244.410694	-222.169891	-169.530870	-144.919076	-95.328379	-229.474361	365.224909	359.812265	175.623723	-258.707210	-35.553464	-149.569782	-118.782745	-33.874164	21.808178	-4.113034	65.128003	194.698197	-125.340474	124.066616	171.488054	
