
Matrice A di dimensione 36 x 36:
9.912010	-3.681307	7.565447	-4.925556	-5.073679	-0.111345	-4.450210	3.713721	-1.829846	-3.307364	7.459713	7.345186	-6.586490	-6.197016	6.190312	-9.432567	0.235503	3.022716	6.410991	-9.774888	-7.584023	7.695106	-8.072088	3.703129	6.032944	-9.475124	-2.200039	-1.975081	5.421582	9.412803	2.542737	7.529220	7.172984	-3.658175	1.084798	8.466327	
5.358082	2.228226	-6.636812	-4.446318	7.506425	2.458299	-9.184471	-1.566279	6.173525	5.176683	0.145961	-0.468554	9.137731	6.464709	8.161044	6.691948	4.296069	-8.018851	-1.130568	-3.558932	8.510364	5.470983	2.199492	8.448036	2.154755	7.073977	1.960433	1.262388	4.643900	4.681809	7.960632	-1.106337	5.966224	9.260834	6.722349	6.508698	
9.584799	-1.012257	4.326316	-5.030242	-1.923631	1.968428	0.988400	9.833073	-6.099369	6.745723	-9.085132	-9.441179	8.558615	1.243352	-0.528097	-0.077345	5.015850	-7.498437	-0.546623	4.991540	5.151745	-9.536192	-6.984521	-9.470334	6.451433	3.943363	2.693963	1.685962	2.809502	2.680856	-1.241264	-1.737868	9.168632	9.437942	9.199717	-6.745169	
-3.788495	4.605342	7.945106	9.193141	-3.839492	-7.183896	2.962350	-4.534560	0.003694	6.475000	2.048322	7.239066	0.642104	1.561871	2.887556	0.811587	5.549940	8.850454	0.070482	5.959347	4.582832	-1.268248	0.264627	8.940633	5.378792	-5.861687	7.227870	6.410478	0.263012	-1.668682	1.719585	6.420514	0.348839	0.328119	9.818546	-3.662375	
4.515936	5.282955	8.580748	-0.461497	4.039326	2.687525	6.199267	-3.143303	6.334542	1.599929	2.619900	1.631768	8.599181	-8.561310	-4.764444	1.068475	9.813176	3.804516	-2.507701	3.186300	3.226038	3.231667	-8.236806	0.541518	7.828151	1.690729	0.474744	3.678423	5.765819	-7.297448	8.891678	5.273574	0.786670	2.213499	-4.231250	7.748730	
9.186932	4.413871	-5.729447	-6.218816	5.226193	-0.011307	-8.809513	-7.928909	-0.763487	-2.366167	0.486648	-7.165388	0.848500	9.100948	2.162143	6.991687	-6.125898	2.819271	-1.662359	-1.261454	0.405375	-4.840447	9.520140	-2.746997	2.929647	-6.521854	-2.005133	8.770112	6.056621	2.076234	-4.560577	2.776361	4.337279	8.276422	-9.014347	-9.664966	
3.072275	5.098257	-4.844310	2.410691	5.440890	3.158183	3.498225	7.380579	4.777109	1.652045	7.977168	4.820058	6.597336	-8.705901	8.528916	0.387624	9.838566	-2.771635	4.189418	-3.663815	-0.353976	0.350340	-3.631128	5.750839	-7.611013	-1.742933	4.363142	2.869703	1.591848	5.015759	-0.902051	-3.509547	2.761127	6.377785	2.404032	-5.239361	
0.928722	1.731744	6.523263	-2.693266	5.661120	5.621221	-7.960499	0.140221	-1.530767	6.027094	-7.428394	6.228001	2.394133	7.665160	9.155313	3.860506	3.396856	6.122603	1.001709	4.063054	7.779956	3.716967	3.432430	5.035634	-4.814232	7.677579	3.381456	-8.693810	-6.488703	-3.113445	-2.699916	-7.597741	-4.528480	5.927347	5.964305	-2.000831	
6.345267	-0.583718	7.167080	4.484608	-9.227577	0.863637	0.711391	4.746843	8.837157	7.879620	7.326079	8.409872	-2.799000	-8.763577	2.928003	3.394414	9.109682	0.836406	1.265034	-8.287037	5.379260	2.469275	3.681205	9.023240	1.437996	5.410160	2.929908	9.735737	-0.889135	6.234115	3.313546	-5.555572	-8.231132	-5.082783	0.680075	3.687539	
8.677752	4.823757	-1.788462	1.399334	-7.878742	6.034348	-1.734950	-5.053568	7.505861	3.859025	3.123551	9.798457	7.520463	-6.631462	-8.536631	2.910054	8.341093	4.553374	3.172990	-9.792780	6.547671	5.280813	8.471846	7.576444	2.240927	9.588239	6.984217	-9.902012	8.081967	7.851035	-3.200165	5.218639	-6.203358	1.990767	-6.808362	6.414072	
7.335583	-7.554579	3.840980	3.057447	4.296107	-4.080658	1.113037	7.775874	2.001626	-2.363897	4.781583	-6.213657	-6.898268	-3.865142	-2.254346	-9.477368	-7.056982	-3.706784	-9.876123	-5.600311	-4.081069	-0.217339	-7.733286	4.674980	8.202744	3.232316	0.222711	-0.512569	7.856425	0.878311	-5.614954	-7.237650	-0.862287	-7.413742	-5.373848	6.290488	
2.228803	-7.156947	8.055767	6.602364	5.260998	7.226048	8.174198	7.607270	-5.642035	-2.008502	0.985733	3.774786	8.566917	2.754623	-9.883532	7.992697	7.712758	8.273914	9.741689	2.792807	-6.956976	-7.542385	-5.596949	4.710237	-1.291757	8.724846	8.142464	9.445342	-2.807159	5.292647	-5.046717	-2.572633	1.718850	4.713887	4.054311	0.605176	
-3.479662	0.465269	3.917750	6.784497	3.897007	-9.850586	7.279185	-9.040372	0.403423	-3.762006	-3.279594	1.829337	-1.606540	-8.494283	-4.969597	-2.574555	7.462262	5.505309	1.134332	-5.194999	3.455274	-7.316052	9.991615	9.875770	8.320983	6.040057	2.525995	9.973937	-6.762280	7.253929	8.609582	-7.888089	1.077872	6.635012	4.960638	-0.554413	
-9.143985	0.816065	3.175855	0.509030	-5.111976	5.987931	-2.726574	4.800970	7.940993	1.620235	-5.596970	-0.185184	1.570520	4.992926	7.531390	1.039113	8.695127	1.127590	6.728241	3.058977	-0.995357	-2.670532	-1.839675	-8.418898	0.685537	9.757051	-1.579347	1.917192	5.255717	2.833709	7.595742	-5.062996	7.233451	6.477377	-0.068964	0.268468	
2.767741	-9.688667	8.256566	-4.653621	-6.354192	-0.780078	-3.013026	0.983887	-9.748965	0.082817	-9.476633	-8.599555	1.566622	-2.684438	0.930439	0.928873	6.063084	4.007773	-4.581436	-2.855877	-2.234754	9.432130	2.319241	2.405991	0.354556	0.314649	9.795641	2.435596	-8.107080	-8.092196	4.294297	1.535534	1.567425	3.943465	-5.402699	1.890716	
9.216999	-2.332276	3.231410	0.077303	-7.252835	1.152589	2.411911	0.916054	-6.582891	-1.212942	6.193932	-9.946701	-2.154144	-3.913326	7.696692	-3.029524	-0.529318	9.944756	6.416604	6.937319	4.284086	6.527887	-6.412086	1.484166	1.635472	2.161193	4.168919	5.515433	-4.799907	5.951649	6.590558	-1.244956	6.467955	2.988412	1.083597	7.056463	
3.458791	-9.289599	8.669979	-7.409697	7.716389	-3.532810	4.134927	-5.807969	-6.432781	9.496349	7.737743	9.100749	-7.297384	0.374406	-6.739425	3.464353	1.662458	-1.960156	1.354085	1.235559	4.438883	-4.208821	8.972195	-8.238937	-9.030693	1.769905	4.384942	5.220892	5.556468	3.940679	-8.372556	-3.855977	0.496069	-0.280692	-4.667313	8.635544	
-8.929842	6.928402	9.884789	8.773412	5.708498	-0.475304	-2.807804	-2.733260	2.566202	8.934402	-2.592904	-4.674592	6.079353	-3.566600	2.992239	0.646581	-0.492053	8.039713	-9.324938	0.659955	2.704087	3.385205	4.417523	3.494484	-0.060519	1.774031	8.642347	5.511036	-5.887968	-0.273863	5.980605	-5.098099	1.833967	8.210666	3.343832	0.391218	
-5.903630	0.822263	8.336421	1.396104	4.302369	8.426123	3.216907	1.741354	-4.548710	3.646885	-3.251043	-7.693471	1.422937	8.120889	4.764349	-0.941375	2.839074	2.571880	-6.149207	3.763160	9.685643	4.145891	-1.462136	-8.624520	4.325041	3.569705	-7.403003	6.156153	-1.046677	-3.727846	-8.435432	-5.767216	-6.843837	-5.620406	-0.210483	-3.610998	
-1.947392	-5.924312	1.910614	-1.455671	3.826029	0.394344	5.862327	6.303792	-1.788624	-0.567245	3.860444	7.396986	8.783254	4.025778	2.490451	9.184779	3.226906	-4.585625	5.390433	7.937358	9.239282	9.667164	-8.661085	-8.980830	2.415700	9.482019	-8.228203	7.390379	0.315115	0.222581	0.564326	-3.563410	3.643599	2.411563	4.508763	-6.126760	
2.243341	6.796555	-4.997151	-6.816380	0.045294	4.849344	-6.378564	7.164483	-7.138077	-0.430152	2.031896	6.999355	0.758623	2.043848	3.782039	-9.570158	-8.359174	-4.148711	4.185699	1.202411	9.693168	8.050827	-3.529696	0.247375	6.657805	-6.834825	-9.521278	2.748380	-0.530556	-0.758247	-2.006715	2.820745	-7.060102	-0.762708	9.049599	7.805321	
3.326201	-9.536245	-7.387219	-2.899006	-4.482913	0.569195	3.949985	1.351743	3.506099	1.022216	2.136253	8.738529	8.912089	1.833871	2.277911	1.187768	2.814337	7.794558	-4.894939	-3.907904	-6.592147	4.009834	-6.216458	-0.233962	6.162408	9.851218	3.061118	7.396979	4.754636	-6.238517	0.014320	4.665919	7.244655	-5.697320	3.628683	4.900638	
-5.756011	4.323440	5.555105	4.128097	9.234872	-1.273220	-2.048567	-7.959188	-5.396062	-4.435193	2.054310	-5.254122	-2.894508	-9.308325	-0.364515	-3.033379	4.147064	4.443815	5.207598	0.733414	-4.840871	-9.586582	-6.747853	4.678744	7.383226	1.083059	8.268577	5.531744	6.651412	9.572806	8.560291	-6.566548	5.724071	1.032117	-4.648027	0.958360	
-5.494660	-3.544123	-4.495475	-1.557997	7.111863	8.523782	1.749819	2.657126	5.862852	7.670883	-4.864424	0.595627	-0.307663	-3.409650	-6.981441	7.931397	-6.096665	-4.820042	9.882668	7.579651	-9.944575	-3.087742	1.318223	-9.376961	-4.405607	1.868195	8.792662	-2.407407	5.026662	9.137901	-9.130299	7.940393	5.806420	-3.146526	2.005442	-1.596654	
-6.380623	5.064807	-6.542768	-2.740062	-9.699345	1.422661	2.132902	6.099782	3.688379	3.241744	4.971749	6.319991	9.735392	7.624076	-0.037599	5.890255	-3.177094	-9.670765	-1.173568	-6.641214	-7.853690	2.993905	6.561781	-4.738057	6.633472	0.986806	7.829489	1.653368	7.200225	5.036462	-8.280101	-9.837720	-5.158166	-4.391491	8.184166	1.797596	
3.192586	3.291137	9.098138	-0.000260	2.087127	-1.899501	2.436660	9.790265	1.691228	-3.235000	8.288812	-3.534889	5.096067	3.012956	-7.033070	7.266819	3.655012	-5.039799	5.795844	3.483276	-1.805502	-3.596196	-9.810911	-5.038464	1.480682	2.077455	-6.187963	4.035090	-5.525556	5.460245	2.202450	-4.024040	-3.112085	-0.143278	-4.964036	4.674787	
2.452827	-1.978439	9.525721	5.392858	-4.662715	9.737729	-5.318204	8.898360	1.111215	6.504223	1.864187	7.724846	3.024740	2.172152	-5.904154	-7.105908	6.905804	6.237493	7.627114	9.653344	3.616319	6.369042	6.608719	5.526563	2.208886	-3.322587	0.085750	-7.102866	9.530074	9.693117	-7.745118	2.423365	-9.946981	-8.349209	3.877146	7.379009	
2.439103	-2.220103	6.247472	2.025947	-0.585605	6.750595	8.338677	-7.339828	-5.035963	-4.064968	3.417902	-7.105394	7.471531	2.173772	9.478402	6.484472	1.466080	5.866510	0.778788	-0.589051	7.205096	-0.452267	2.798139	8.493450	2.278572	-7.266226	7.591161	3.564718	7.920229	1.716924	-1.154922	4.176608	6.094652	7.751088	-1.038642	0.208338	
0.943164	6.463986	3.858208	9.561776	3.455965	9.550500	0.275596	8.463523	1.958243	2.243621	9.172819	-4.429512	-8.198270	4.045227	9.836252	6.971320	-7.868806	5.125426	-0.841586	8.677502	4.817681	1.930321	5.948527	6.791890	-3.587397	-4.227140	7.114737	-7.074075	-1.170029	-8.855583	8.883843	6.869679	2.070346	0.652209	-8.890944	6.446021	
5.228588	4.641358	0.493513	3.823152	4.354482	9.992153	-8.626420	7.298230	4.863389	-6.505077	-2.764154	-3.964333	-3.461561	1.542000	1.919964	2.756236	1.647510	1.474720	6.575524	2.624772	-2.563690	9.705578	8.297308	-2.409926	-2.853644	9.462634	1.992406	-4.778948	-7.685035	8.253388	7.676285	-3.134819	0.984044	-7.959043	0.300930	0.302273	
9.494163	1.381049	1.306616	3.930166	-1.954386	6.458234	3.317572	9.828292	7.839378	1.008842	2.458462	7.108452	2.981316	7.716278	7.502670	-3.950662	-2.822799	9.453285	-3.683604	4.149460	2.569237	0.509883	9.372696	0.928855	-4.256736	-1.865014	-5.583834	3.781419	5.699096	5.075969	2.454986	6.170600	0.864913	8.122714	7.938290	-5.928775	
7.035289	-3.667161	6.339925	-2.592978	-4.885397	-2.538741	7.760732	-3.539627	7.171914	-9.658427	2.012401	-9.174617	6.402917	8.917644	-9.724260	6.359540	4.831413	4.822240	0.170624	-8.765479	-5.381980	1.827751	-9.617428	-2.361364	3.364669	0.378522	5.028717	-0.948070	0.212280	4.990541	8.830891	0.104511	9.814005	7.371901	-7.533100	-9.150763	
3.308622	6.025736	-7.906395	-3.440190	-3.056491	-7.175932	0.597564	-3.849410	-3.326825	-3.559287	5.844288	-3.563196	-5.962423	7.227908	3.410229	0.014277	4.319010	5.130254	2.738174	6.410358	9.334084	4.059529	-5.246699	-7.318374	-3.453992	-3.352783	2.454055	9.637334	0.509161	4.569668	0.973050	5.880942	9.284508	-6.111726	1.055366	-2.664951	
8.338075	5.237820	5.419054	-0.912011	-5.313591	-6.849404	-8.338951	-5.347236	0.226007	7.229694	5.371515	-5.241988	1.051326	8.773812	5.908331	3.283683	9.586534	-2.084601	9.297591	-7.249851	-4.467394	6.977119	-7.839763	7.036186	6.655083	5.543440	3.600650	0.212308	-0.200718	1.613589	3.682191	2.840363	-5.668224	5.406078	-8.672678	-2.325872	
8.447210	8.517260	-8.017559	0.636980	5.713343	-0.704189	-9.228959	-7.376738	4.884797	1.460667	-3.978145	0.471802	-7.944020	1.722349	5.799594	3.787070	5.850188	2.618463	7.588358	5.491436	8.447172	5.262421	-8.377653	8.852772	5.027882	7.275268	9.130910	1.031134	-9.404258	7.843842	8.409707	-2.706342	-3.935389	7.907575	-0.117900	4.132346	
4.257674	-7.905001	0.932340	8.683934	0.928755	-8.522528	0.640978	2.718145	9.891752	4.239102	6.713120	1.418171	1.191179	8.887701	1.158762	3.965136	5.940355	6.111389	7.663713	-6.812103	-1.729856	8.513055	-3.193086	7.597126	6.784599	-0.241532	-6.886291	0.295390	-8.707780	-3.829362	5.246172	8.659574	-5.425992	9.293682	0.430735	5.973346	

Matrice B di dimensione 36 x 36:
9.912010	5.358082	9.584799	-3.788495	4.515936	9.186932	3.072275	0.928722	6.345267	8.677752	7.335583	2.228803	-3.479662	-9.143985	2.767741	9.216999	3.458791	-8.929842	-5.903630	-1.947392	2.243341	3.326201	-5.756011	-5.494660	-6.380623	3.192586	2.452827	2.439103	0.943164	5.228588	9.494163	7.035289	3.308622	8.338075	8.447210	4.257674	
-3.681307	2.228226	-1.012257	4.605342	5.282955	4.413871	5.098257	1.731744	-0.583718	4.823757	-7.554579	-7.156947	0.465269	0.816065	-9.688667	-2.332276	-9.289599	6.928402	0.822263	-5.924312	6.796555	-9.536245	4.323440	-3.544123	5.064807	3.291137	-1.978439	-2.220103	6.463986	4.641358	1.381049	-3.667161	6.025736	5.237820	8.517260	-7.905001	
7.565447	-6.636812	4.326316	7.945106	8.580748	-5.729447	-4.844310	6.523263	7.167080	-1.788462	3.840980	8.055767	3.917750	3.175855	8.256566	3.231410	8.669979	9.884789	8.336421	1.910614	-4.997151	-7.387219	5.555105	-4.495475	-6.542768	9.098138	9.525721	6.247472	3.858208	0.493513	1.306616	6.339925	-7.906395	5.419054	-8.017559	0.932340	
-4.925556	-4.446318	-5.030242	9.193141	-0.461497	-6.218816	2.410691	-2.693266	4.484608	1.399334	3.057447	6.602364	6.784497	0.509030	-4.653621	0.077303	-7.409697	8.773412	1.396104	-1.455671	-6.816380	-2.899006	4.128097	-1.557997	-2.740062	-0.000260	5.392858	2.025947	9.561776	3.823152	3.930166	-2.592978	-3.440190	-0.912011	0.636980	8.683934	
-5.073679	7.506425	-1.923631	-3.839492	4.039326	5.226193	5.440890	5.661120	-9.227577	-7.878742	4.296107	5.260998	3.897007	-5.111976	-6.354192	-7.252835	7.716389	5.708498	4.302369	3.826029	0.045294	-4.482913	9.234872	7.111863	-9.699345	2.087127	-4.662715	-0.585605	3.455965	4.354482	-1.954386	-4.885397	-3.056491	-5.313591	5.713343	0.928755	
-0.111345	2.458299	1.968428	-7.183896	2.687525	-0.011307	3.158183	5.621221	0.863637	6.034348	-4.080658	7.226048	-9.850586	5.987931	-0.780078	1.152589	-3.532810	-0.475304	8.426123	0.394344	4.849344	0.569195	-1.273220	8.523782	1.422661	-1.899501	9.737729	6.750595	9.550500	9.992153	6.458234	-2.538741	-7.175932	-6.849404	-0.704189	-8.522528	
-4.450210	-9.184471	0.988400	2.962350	6.199267	-8.809513	3.498225	-7.960499	0.711391	-1.734950	1.113037	8.174198	7.279185	-2.726574	-3.013026	2.411911	4.134927	-2.807804	3.216907	5.862327	-6.378564	3.949985	-2.048567	1.749819	2.132902	2.436660	-5.318204	8.338677	0.275596	-8.626420	3.317572	7.760732	0.597564	-8.338951	-9.228959	0.640978	
3.713721	-1.566279	9.833073	-4.534560	-3.143303	-7.928909	7.380579	0.140221	4.746843	-5.053568	7.775874	7.607270	-9.040372	4.800970	0.983887	0.916054	-5.807969	-2.733260	1.741354	6.303792	7.164483	1.351743	-7.959188	2.657126	6.099782	9.790265	8.898360	-7.339828	8.463523	7.298230	9.828292	-3.539627	-3.849410	-5.347236	-7.376738	2.718145	
-1.829846	6.173525	-6.099369	0.003694	6.334542	-0.763487	4.777109	-1.530767	8.837157	7.505861	2.001626	-5.642035	0.403423	7.940993	-9.748965	-6.582891	-6.432781	2.566202	-4.548710	-1.788624	-7.138077	3.506099	-5.396062	5.862852	3.688379	1.691228	1.111215	-5.035963	1.958243	4.863389	7.839378	7.171914	-3.326825	0.226007	4.884797	9.891752	
-3.307364	5.176683	6.745723	6.475000	1.599929	-2.366167	1.652045	6.027094	7.879620	3.859025	-2.363897	-2.008502	-3.762006	1.620235	0.082817	-1.212942	9.496349	8.934402	3.646885	-0.567245	-0.430152	1.022216	-4.435193	7.670883	3.241744	-3.235000	6.504223	-4.064968	2.243621	-6.505077	1.008842	-9.658427	-3.559287	7.229694	1.460667	4.239102	
7.459713	0.145961	-9.085132	2.048322	2.619900	0.486648	7.977168	-7.428394	7.326079	3.123551	4.781583	0.985733	-3.279594	-5.596970	-9.476633	6.193932	7.737743	-2.592904	-3.251043	3.860444	2.031896	2.136253	2.054310	-4.864424	4.971749	8.288812	1.864187	3.417902	9.172819	-2.764154	2.458462	2.012401	5.844288	5.371515	-3.978145	6.713120	
7.345186	-0.468554	-9.441179	7.239066	1.631768	-7.165388	4.820058	6.228001	8.409872	9.798457	-6.213657	3.774786	1.829337	-0.185184	-8.599555	-9.946701	9.100749	-4.674592	-7.693471	7.396986	6.999355	8.738529	-5.254122	0.595627	6.319991	-3.534889	7.724846	-7.105394	-4.429512	-3.964333	7.108452	-9.174617	-3.563196	-5.241988	0.471802	1.418171	
-6.586490	9.137731	8.558615	0.642104	8.599181	0.848500	6.597336	2.394133	-2.799000	7.520463	-6.898268	8.566917	-1.606540	1.570520	1.566622	-2.154144	-7.297384	6.079353	1.422937	8.783254	0.758623	8.912089	-2.894508	-0.307663	9.735392	5.096067	3.024740	7.471531	-8.198270	-3.461561	2.981316	6.402917	-5.962423	1.051326	-7.944020	1.191179	
-6.197016	6.464709	1.243352	1.561871	-8.561310	9.100948	-8.705901	7.665160	-8.763577	-6.631462	-3.865142	2.754623	-8.494283	4.992926	-2.684438	-3.913326	0.374406	-3.566600	8.120889	4.025778	2.043848	1.833871	-9.308325	-3.409650	7.624076	3.012956	2.172152	2.173772	4.045227	1.542000	7.716278	8.917644	7.227908	8.773812	1.722349	8.887701	
6.190312	8.161044	-0.528097	2.887556	-4.764444	2.162143	8.528916	9.155313	2.928003	-8.536631	-2.254346	-9.883532	-4.969597	7.531390	0.930439	7.696692	-6.739425	2.992239	4.764349	2.490451	3.782039	2.277911	-0.364515	-6.981441	-0.037599	-7.033070	-5.904154	9.478402	9.836252	1.919964	7.502670	-9.724260	3.410229	5.908331	5.799594	1.158762	
-9.432567	6.691948	-0.077345	0.811587	1.068475	6.991687	0.387624	3.860506	3.394414	2.910054	-9.477368	7.992697	-2.574555	1.039113	0.928873	-3.029524	3.464353	0.646581	-0.941375	9.184779	-9.570158	1.187768	-3.033379	7.931397	5.890255	7.266819	-7.105908	6.484472	6.971320	2.756236	-3.950662	6.359540	0.014277	3.283683	3.787070	3.965136	
0.235503	4.296069	5.015850	5.549940	9.813176	-6.125898	9.838566	3.396856	9.109682	8.341093	-7.056982	7.712758	7.462262	8.695127	6.063084	-0.529318	1.662458	-0.492053	2.839074	3.226906	-8.359174	2.814337	4.147064	-6.096665	-3.177094	3.655012	6.905804	1.466080	-7.868806	1.647510	-2.822799	4.831413	4.319010	9.586534	5.850188	5.940355	
3.022716	-8.018851	-7.498437	8.850454	3.804516	2.819271	-2.771635	6.122603	0.836406	4.553374	-3.706784	8.273914	5.505309	1.127590	4.007773	9.944756	-1.960156	8.039713	2.571880	-4.585625	-4.148711	7.794558	4.443815	-4.820042	-9.670765	-5.039799	6.237493	5.866510	5.125426	1.474720	9.453285	4.822240	5.130254	-2.084601	2.618463	6.111389	
6.410991	-1.130568	-0.546623	0.070482	-2.507701	-1.662359	4.189418	1.001709	1.265034	3.172990	-9.876123	9.741689	1.134332	6.728241	-4.581436	6.416604	1.354085	-9.324938	-6.149207	5.390433	4.185699	-4.894939	5.207598	9.882668	-1.173568	5.795844	7.627114	0.778788	-0.841586	6.575524	-3.683604	0.170624	2.738174	9.297591	7.588358	7.663713	
-9.774888	-3.558932	4.991540	5.959347	3.186300	-1.261454	-3.663815	4.063054	-8.287037	-9.792780	-5.600311	2.792807	-5.194999	3.058977	-2.855877	6.937319	1.235559	0.659955	3.763160	7.937358	1.202411	-3.907904	0.733414	7.579651	-6.641214	3.483276	9.653344	-0.589051	8.677502	2.624772	4.149460	-8.765479	6.410358	-7.249851	5.491436	-6.812103	
-7.584023	8.510364	5.151745	4.582832	3.226038	0.405375	-0.353976	7.779956	5.379260	6.547671	-4.081069	-6.956976	3.455274	-0.995357	-2.234754	4.284086	4.438883	2.704087	9.685643	9.239282	9.693168	-6.592147	-4.840871	-9.944575	-7.853690	-1.805502	3.616319	7.205096	4.817681	-2.563690	2.569237	-5.381980	9.334084	-4.467394	8.447172	-1.729856	
7.695106	5.470983	-9.536192	-1.268248	3.231667	-4.840447	0.350340	3.716967	2.469275	5.280813	-0.217339	-7.542385	-7.316052	-2.670532	9.432130	6.527887	-4.208821	3.385205	4.145891	9.667164	8.050827	4.009834	-9.586582	-3.087742	2.993905	-3.596196	6.369042	-0.452267	1.930321	9.705578	0.509883	1.827751	4.059529	6.977119	5.262421	8.513055	
-8.072088	2.199492	-6.984521	0.264627	-8.236806	9.520140	-3.631128	3.432430	3.681205	8.471846	-7.733286	-5.596949	9.991615	-1.839675	2.319241	-6.412086	8.972195	4.417523	-1.462136	-8.661085	-3.529696	-6.216458	-6.747853	1.318223	6.561781	-9.810911	6.608719	2.798139	5.948527	8.297308	9.372696	-9.617428	-5.246699	-7.839763	-8.377653	-3.193086	
3.703129	8.448036	-9.470334	8.940633	0.541518	-2.746997	5.750839	5.035634	9.023240	7.576444	4.674980	4.710237	9.875770	-8.418898	2.405991	1.484166	-8.238937	3.494484	-8.624520	-8.980830	0.247375	-0.233962	4.678744	-9.376961	-4.738057	-5.038464	5.526563	8.493450	6.791890	-2.409926	0.928855	-2.361364	-7.318374	7.036186	8.852772	7.597126	
6.032944	2.154755	6.451433	5.378792	7.828151	2.929647	-7.611013	-4.814232	1.437996	2.240927	8.202744	-1.291757	8.320983	0.685537	0.354556	1.635472	-9.030693	-0.060519	4.325041	2.415700	6.657805	6.162408	7.383226	-4.405607	6.633472	1.480682	2.208886	2.278572	-3.587397	-2.853644	-4.256736	3.364669	-3.453992	6.655083	5.027882	6.784599	
-9.475124	7.073977	3.943363	-5.861687	1.690729	-6.521854	-1.742933	7.677579	5.410160	9.588239	3.232316	8.724846	6.040057	9.757051	0.314649	2.161193	1.769905	1.774031	3.569705	9.482019	-6.834825	9.851218	1.083059	1.868195	0.986806	2.077455	-3.322587	-7.266226	-4.227140	9.462634	-1.865014	0.378522	-3.352783	5.543440	7.275268	-0.241532	
-2.200039	1.960433	2.693963	7.227870	0.474744	-2.005133	4.363142	3.381456	2.929908	6.984217	0.222711	8.142464	2.525995	-1.579347	9.795641	4.168919	4.384942	8.642347	-7.403003	-8.228203	-9.521278	3.061118	8.268577	8.792662	7.829489	-6.187963	0.085750	7.591161	7.114737	1.992406	-5.583834	5.028717	2.454055	3.600650	9.130910	-6.886291	
-1.975081	1.262388	1.685962	6.410478	3.678423	8.770112	2.869703	-8.693810	9.735737	-9.902012	-0.512569	9.445342	9.973937	1.917192	2.435596	5.515433	5.220892	5.511036	6.156153	7.390379	2.748380	7.396979	5.531744	-2.407407	1.653368	4.035090	-7.102866	3.564718	-7.074075	-4.778948	3.781419	-0.948070	9.637334	0.212308	1.031134	0.295390	
5.421582	4.643900	2.809502	0.263012	5.765819	6.056621	1.591848	-6.488703	-0.889135	8.081967	7.856425	-2.807159	-6.762280	5.255717	-8.107080	-4.799907	5.556468	-5.887968	-1.046677	0.315115	-0.530556	4.754636	6.651412	5.026662	7.200225	-5.525556	9.530074	7.920229	-1.170029	-7.685035	5.699096	0.212280	0.509161	-0.200718	-9.404258	-8.707780	
9.412803	4.681809	2.680856	-1.668682	-7.297448	2.076234	5.015759	-3.113445	6.234115	7.851035	0.878311	5.292647	7.253929	2.833709	-8.092196	5.951649	3.940679	-0.273863	-3.727846	0.222581	-0.758247	-6.238517	9.572806	9.137901	5.036462	5.460245	9.693117	1.716924	-8.855583	8.253388	5.075969	4.990541	4.569668	1.613589	7.843842	-3.829362	
2.542737	7.960632	-1.241264	1.719585	8.891678	-4.560577	-0.902051	-2.699916	3.313546	-3.200165	-5.614954	-5.046717	8.609582	7.595742	4.294297	6.590558	-8.372556	5.980605	-8.435432	0.564326	-2.006715	0.014320	8.560291	-9.130299	-8.280101	2.202450	-7.745118	-1.154922	8.883843	7.676285	2.454986	8.830891	0.973050	3.682191	8.409707	5.246172	
7.529220	-1.106337	-1.737868	6.420514	5.273574	2.776361	-3.509547	-7.597741	-5.555572	5.218639	-7.237650	-2.572633	-7.888089	-5.062996	1.535534	-1.244956	-3.855977	-5.098099	-5.767216	-3.563410	2.820745	4.665919	-6.566548	7.940393	-9.837720	-4.024040	2.423365	4.176608	6.869679	-3.134819	6.170600	0.104511	5.880942	2.840363	-2.706342	8.659574	
7.172984	5.966224	9.168632	0.348839	0.786670	4.337279	2.761127	-4.528480	-8.231132	-6.203358	-0.862287	1.718850	1.077872	7.233451	1.567425	6.467955	0.496069	1.833967	-6.843837	3.643599	-7.060102	7.244655	5.724071	5.806420	-5.158166	-3.112085	-9.946981	6.094652	2.070346	0.984044	0.864913	9.814005	9.284508	-5.668224	-3.935389	-5.425992	
-3.658175	9.260834	9.437942	0.328119	2.213499	8.276422	6.377785	5.927347	-5.082783	1.990767	-7.413742	4.713887	6.635012	6.477377	3.943465	2.988412	-0.280692	8.210666	-5.620406	2.411563	-0.762708	-5.697320	1.032117	-3.146526	-4.391491	-0.143278	-8.349209	7.751088	0.652209	-7.959043	8.122714	7.371901	-6.111726	5.406078	7.907575	9.293682	
1.084798	6.722349	9.199717	9.818546	-4.231250	-9.014347	2.404032	5.964305	0.680075	-6.808362	-5.373848	4.054311	4.960638	-0.068964	-5.402699	1.083597	-4.667313	3.343832	-0.210483	4.508763	9.049599	3.628683	-4.648027	2.005442	8.184166	-4.964036	3.877146	-1.038642	-8.890944	0.300930	7.938290	-7.533100	1.055366	-8.672678	-0.117900	0.430735	
8.466327	6.508698	-6.745169	-3.662375	7.748730	-9.664966	-5.239361	-2.000831	3.687539	6.414072	6.290488	0.605176	-0.554413	0.268468	1.890716	7.056463	8.635544	0.391218	-3.610998	-6.126760	7.805321	4.900638	0.958360	-1.596654	1.797596	4.674787	7.379009	0.208338	6.446021	0.302273	-5.928775	-9.150763	-2.664951	-2.325872	4.132346	5.973346	

Risultato:
Matrice C di dimensione 36 x 36:
2485.748534	24.689581	28.258386	458.327608	218.361792	-62.749801	47.584704	-755.892531	87.380779	-47.837121	380.846568	70.905044	-380.392222	-206.776097	-9.465262	532.282770	-128.713389	-309.209373	-679.728522	-6.531125	453.376852	207.036092	-56.302511	191.034384	-94.365633	60.018636	520.717599	-111.912194	185.524924	-133.640879	167.917925	155.967942	161.178662	111.420854	317.509063	530.706628	
24.689581	2515.239218	836.339113	75.950762	276.882963	236.124870	336.169413	396.492874	229.207482	745.061410	257.170287	207.535222	423.297104	715.017768	39.114426	47.374005	-237.935012	623.403913	-196.151143	162.839137	391.852693	-13.252141	-121.052235	12.379949	448.185241	185.639576	-34.933797	700.510421	18.212838	138.547430	614.589375	-104.030830	624.770379	491.726393	998.772825	433.904631	
28.258386	836.339113	2760.301938	-16.833396	137.347597	286.275345	394.411692	177.452080	-26.059791	217.704241	124.894237	780.843419	7.100607	952.817130	622.076395	178.266440	-140.541185	651.130739	290.407673	438.762552	560.316499	-216.584421	-171.422969	277.078011	691.181599	601.615671	430.967328	413.563011	104.534456	-158.993891	258.868549	-86.862291	601.850879	7.874789	563.826908	-86.333180	
458.327608	75.950762	-16.833396	2065.880338	432.582242	-87.208317	57.868360	151.097218	282.842975	-9.881235	-456.621586	389.194473	577.349098	91.280968	-205.114039	164.480247	-13.538726	506.287392	-55.228234	-85.330708	-171.161736	-5.553702	41.274013	203.775986	56.629650	-26.870911	472.042652	423.814120	323.441975	-223.109033	530.199792	-10.911035	456.880004	89.393207	456.723382	330.130473	
218.361792	276.882963	137.347597	432.582242	2244.693918	-46.654186	-87.370657	-116.887774	295.016365	583.344110	95.036327	290.494210	275.371491	251.340071	-80.810515	264.881005	52.753461	589.343393	63.905647	375.449729	195.917268	571.362823	490.051026	28.412048	-59.152316	143.289484	88.715726	96.777137	-78.752062	-484.161256	37.223623	269.379436	-305.902761	298.053271	67.394224	714.877964	
-62.749801	236.124870	286.275345	-87.208317	-46.654186	2318.057186	-117.279267	-46.288944	-638.316497	-83.841731	-440.992468	-187.623420	-211.359476	-57.978926	-36.120661	-117.416129	-102.106608	4.301507	110.469517	-272.171618	-345.314833	-248.446955	185.769071	283.444941	17.704099	-330.363372	-216.663327	65.864473	244.218071	-538.108777	231.464461	352.710624	164.778326	-229.663984	123.115382	-143.268095	
47.584704	336.169413	394.411692	57.868360	-87.370657	-117.279267	2249.080009	167.509946	333.820944	-20.726401	33.491414	454.424091	287.576510	159.418526	314.341348	247.147075	6.689553	130.007294	-37.419872	398.109251	-5.146943	218.196012	-266.375595	289.819767	381.544623	308.820223	126.078372	361.839922	14.733895	-24.065156	203.776159	-276.210481	138.280662	25.999551	636.560813	192.112581	
-755.892531	396.492874	177.452080	151.097218	-116.887774	-46.288944	167.509946	2410.038707	275.351466	357.007485	-579.504772	20.246597	-251.088725	280.851072	112.213419	-251.702034	300.582276	634.816452	437.814256	360.502570	343.756142	-282.060496	106.409194	-182.372723	173.720723	10.039645	349.475733	245.532957	121.900590	403.341415	57.121600	-374.041424	-113.509945	84.047108	279.027232	201.208811	
87.380779	229.207482	-26.059791	282.842975	295.016365	-638.316497	333.820944	275.351466	2468.762103	834.853653	247.503926	268.614784	405.639577	342.375871	400.870929	450.790811	53.900093	442.905313	-259.851235	-74.651364	234.751412	51.407933	-13.683685	-504.540535	283.514589	233.491889	285.624955	499.119226	211.793558	371.857694	-14.427545	-197.558508	-14.875724	558.068272	104.143124	737.134173	
-47.837121	745.061410	217.704241	-9.881235	583.344110	-83.841731	-20.726401	357.007485	834.853653	2793.916380	22.970341	608.978572	367.930537	493.842024	-157.102518	-295.275895	169.533476	476.105539	-76.815828	-309.494911	271.889781	-2.285901	64.718654	-54.569928	733.214236	-112.277933	1028.232967	178.888806	233.993889	251.163990	66.240609	39.439210	-274.128206	416.314142	162.290380	308.294561	
380.846568	257.170287	124.894237	-456.621586	95.036327	-440.992468	33.491414	-579.504772	247.503926	22.970341	2077.950665	69.025745	-76.284274	-434.607826	-108.949525	112.767355	-13.418411	-6.014210	176.682672	-282.530740	224.518469	180.612361	24.770012	-18.900275	56.832192	121.289222	142.966239	-96.704684	-372.662242	-88.626479	-240.346422	34.778272	-170.954351	-12.333724	-284.182234	222.215821	
70.905044	207.535222	780.843419	389.194473	290.494210	-187.623420	454.424091	20.246597	268.614784	608.978572	69.025745	2247.274747	471.761456	412.208540	231.045246	294.998031	467.260738	473.347507	341.121599	442.646352	-244.484412	50.536488	218.632413	324.582066	233.113757	597.187543	384.614373	33.571017	107.933702	177.266588	292.667666	354.851460	-34.477606	-81.432291	323.138543	141.161992	
-380.392222	423.297104	7.100607	577.349098	275.371491	-211.359476	287.576510	-251.088725	405.639577	367.930537	-76.284274	471.761456	2781.409520	-8.870710	58.697809	296.917926	-140.248058	824.799154	-86.061246	34.857036	-419.132946	222.541703	646.257884	-311.946062	-280.102062	-11.425665	-72.773603	430.549469	-84.861771	162.312098	120.611047	458.648460	100.437685	-8.813067	554.962098	329.923115	
-206.776097	715.017768	952.817130	91.280968	251.340071	-57.978926	159.418526	280.851072	342.375871	493.842024	-434.607826	412.208540	-8.870710	2168.466744	160.250547	-83.162874	-230.542092	535.503574	212.617969	300.972310	33.720885	-99.720704	-14.913985	30.414083	506.558835	326.406907	8.197362	41.591432	102.418518	463.752219	298.634521	48.256554	481.905835	235.073365	284.351112	64.491291	
-9.465262	39.114426	622.076395	-205.114039	-80.810515	-36.120661	314.341348	112.213419	400.870929	-157.102518	-108.949525	231.045246	58.697809	160.250547	2297.361663	504.180144	319.609080	302.408219	116.958103	49.035279	-213.818602	297.648708	-151.773917	-499.160782	-139.655736	-26.114078	-447.135556	475.063618	344.495584	53.955818	-252.485792	255.796714	59.091750	335.940088	582.837579	159.945526	
532.282770	47.374005	178.266440	164.480247	264.881005	-117.416129	247.147075	-251.702034	450.790811	-295.275895	112.767355	294.998031	296.917926	-83.162874	504.180144	2267.840311	68.249799	228.252118	-262.272993	217.509777	-26.705315	153.650434	209.767642	94.226470	-622.792212	522.509901	102.303673	467.394056	195.767103	245.924356	-21.110844	173.913230	411.277575	496.436823	454.314298	272.298967	
-128.713389	-237.935012	-140.541185	-13.538726	52.753461	-102.106608	6.689553	300.582276	53.900093	169.533476	-13.418411	467.260738	-140.248058	-230.542092	319.609080	68.249799	2292.496095	-92.826770	520.593266	323.730359	-91.814426	-114.560089	233.179680	259.079756	-45.394315	366.988346	-0.372146	-43.369427	-104.717847	-19.393477	-108.440681	98.371980	-160.512928	40.324835	37.935738	-294.226492	
-309.209373	623.403913	651.130739	506.287392	589.343393	4.301507	130.007294	634.816452	442.905313	476.105539	-6.014210	473.347507	824.799154	535.503574	302.408219	228.252118	-92.826770	2506.373092	205.262447	0.353870	72.222581	-51.565246	184.934601	7.254323	309.236477	86.072895	586.017228	563.774113	473.232867	136.641540	200.886120	-196.694926	97.115594	125.340376	404.906231	899.807419	
-679.728522	-196.151143	290.407673	-55.228234	63.905647	110.469517	-37.419872	437.814256	-259.851235	-76.815828	176.682672	341.121599	-86.061246	212.617969	116.958103	-262.272993	520.593266	205.262447	2152.707227	479.457959	191.224779	-194.745903	-45.108281	-216.660154	-8.030378	177.497594	169.196949	-271.185247	251.370052	200.831102	23.077502	316.212379	-253.146761	-340.943746	-43.078747	-224.269818	
-6.531125	162.839137	438.762552	-85.330708	375.449729	-272.171618	398.109251	360.502570	-74.651364	-309.494911	-282.530740	442.646352	34.857036	300.972310	49.035279	217.509777	323.730359	0.353870	479.457959	2378.444198	315.392355	266.620543	11.668718	136.674699	237.851858	254.615319	-259.906581	141.133084	-111.230667	-56.318252	47.449806	34.716361	-97.267172	-135.247977	145.452630	436.552140	
453.376852	391.852693	560.316499	-171.161736	195.917268	-345.314833	-5.146943	343.756142	234.751412	271.889781	224.518469	-244.484412	-419.132946	33.720885	-213.818602	-26.705315	-91.814426	72.222581	191.224779	315.392355	2283.431847	-299.397314	-199.398246	-227.613761	585.759322	310.392630	559.937936	-78.721876	182.981173	-52.675501	12.067712	-750.496655	289.637418	107.795430	312.726761	304.142647	
207.036092	-13.252141	-216.584421	-5.553702	571.362823	-248.446955	218.196012	-282.060496	51.407933	-2.285901	180.612361	50.536488	222.541703	-99.720704	297.648708	153.650434	-114.560089	-51.565246	-194.745903	266.620543	-299.397314	1934.397497	-263.037065	-40.391149	189.530778	-144.226816	79.810880	127.231930	-426.330419	-188.438981	34.190724	416.152013	122.584065	155.471843	3.059599	499.631223	
-56.302511	-121.052235	-171.422969	41.274013	490.051026	185.769071	-266.375595	106.409194	-13.683685	64.718654	24.770012	218.632413	646.257884	-14.913985	-151.773917	209.767642	233.179680	184.934601	-45.108281	11.668718	-199.398246	-263.037065	2041.072665	-60.839110	-406.048264	262.957463	-338.338250	212.813505	3.164899	-46.265352	-634.341961	561.839642	-223.177843	22.085307	278.316635	-390.838140	
191.034384	12.379949	277.078011	203.775986	28.412048	283.444941	289.819767	-182.372723	-504.540535	-54.569928	-18.900275	324.582066	-311.946062	30.414083	-499.160782	94.226470	259.079756	7.254323	-216.660154	136.674699	-227.613761	-40.391149	-60.839110	2690.193939	556.137145	37.719114	656.600680	42.839849	95.445176	-432.310871	-36.733790	-145.943663	-66.678814	-383.802090	-183.023403	-191.795517	
-94.365633	448.185241	691.181599	56.629650	-59.152316	17.704099	381.544623	173.720723	283.514589	733.214236	56.832192	233.113757	-280.102062	506.558835	-139.655736	-622.792212	-45.394315	309.236477	-8.030378	237.851858	585.759322	189.530778	-406.048264	556.137145	2219.955568	43.688447	765.055034	46.454786	-344.123049	-284.918042	125.639355	-406.664273	-26.914637	127.547559	-150.097197	-1.649104	
60.018636	185.639576	601.615671	-26.870911	143.289484	-330.363372	308.820223	10.039645	233.491889	-112.277933	121.289222	597.187543	-11.425665	326.406907	-26.114078	522.509901	366.988346	86.072895	177.497594	254.615319	310.392630	-144.226816	262.957463	37.719114	43.688447	1951.364121	320.579570	69.947316	54.828443	366.704935	-78.809177	434.480662	324.749359	307.786941	447.702292	102.402736	
520.717599	-34.933797	430.967328	472.042652	88.715726	-216.663327	126.078372	349.475733	285.624955	1028.232967	142.966239	384.614373	-72.773603	8.197362	-447.135556	102.303673	-0.372146	586.017228	169.196949	-259.906581	559.937936	79.810880	-338.338250	656.600680	765.055034	320.579570	2638.927384	149.400293	306.483128	84.334532	414.474498	-546.109270	-36.556622	124.066592	11.391140	320.790624	
-111.912194	700.510421	413.563011	423.814120	96.777137	65.864473	361.839922	245.532957	499.119226	178.888806	-96.704684	33.571017	430.549469	41.591432	475.063618	467.394056	-43.369427	563.774113	-271.185247	141.133084	-78.721876	127.231930	212.813505	42.839849	46.454786	69.947316	149.400293	2094.688041	501.735401	-331.970890	434.776863	173.544745	450.385309	413.830627	87.890370	420.936598	
185.524924	18.212838	104.534456	323.441975	-78.752062	244.218071	14.733895	121.900590	211.793558	233.993889	-372.662242	107.933702	-84.861771	102.418518	344.495584	195.767103	-104.717847	473.232867	251.370052	-111.230667	182.981173	-426.330419	3.164899	95.445176	-344.123049	54.828443	306.483128	501.735401	2694.932803	313.539676	332.708285	7.558173	113.771068	33.165900	523.408123	244.684840	
-133.640879	138.547430	-158.993891	-223.109033	-484.161256	-538.108777	-24.065156	403.341415	371.857694	251.163990	-88.626479	177.266588	162.312098	463.752219	53.955818	245.924356	-19.393477	136.641540	200.831102	-56.318252	-52.675501	-188.438981	-46.265352	-432.310871	-284.918042	366.704935	84.334532	-331.970890	313.539676	1938.223365	103.417930	207.713502	191.651962	135.139892	563.101702	-14.132822	
167.917925	614.589375	258.868549	530.199792	37.223623	231.464461	203.776159	57.121600	-14.427545	66.240609	-240.346422	292.667666	120.611047	298.634521	-252.485792	-21.110844	-108.440681	200.886120	23.077502	47.449806	12.067712	34.190724	-634.341961	-36.733790	125.639355	-78.809177	414.474498	434.776863	332.708285	103.417930	2116.149265	26.578617	345.044790	-117.139205	-5.590033	335.922670	
155.967942	-104.030830	-86.862291	-10.911035	269.379436	352.710624	-276.210481	-374.041424	-197.558508	39.439210	34.778272	354.851460	458.648460	48.256554	255.796714	173.913230	98.371980	-196.694926	316.212379	34.716361	-750.496655	416.152013	561.839642	-145.943663	-406.664273	434.480662	-546.109270	173.544745	7.558173	207.713502	26.578617	2679.691394	-3.484668	460.384563	129.297504	326.822116	
161.178662	624.770379	601.850879	456.880004	-305.902761	164.778326	138.280662	-113.509945	-14.875724	-274.128206	-170.954351	-34.477606	100.437685	481.905835	59.091750	411.277575	-160.512928	97.115594	-253.146761	-97.267172	289.637418	122.584065	-223.177843	-66.678814	-26.914637	324.749359	-36.556622	450.385309	113.771068	191.651962	345.044790	-3.484668	2077.736158	214.960971	729.544737	-140.435088	
111.420854	491.726393	7.874789	89.393207	298.053271	-229.663984	25.999551	84.047108	558.068272	416.314142	-12.333724	-81.432291	-8.813067	235.073365	335.940088	496.436823	40.324835	125.340376	-340.943746	-135.247977	107.795430	155.471843	22.085307	-383.802090	127.547559	307.786941	124.066592	413.830627	33.165900	135.139892	-117.139205	460.384563	214.960971	2107.526594	577.715056	673.549926	
317.509063	998.772825	563.826908	456.723382	67.394224	123.115382	636.560813	279.027232	104.143124	162.290380	-284.182234	323.138543	554.962098	284.351112	582.837579	454.314298	37.935738	404.906231	-43.078747	145.452630	312.726761	3.059599	278.316635	-183.023403	-150.097197	447.702292	11.391140	87.890370	523.408123	563.101702	-5.590033	129.297504	729.544737	577.715056	2699.872834	391.764104	
530.706628	433.904631	-86.333180	330.130473	714.877964	-143.268095	192.112581	201.208811	737.134173	308.294561	222.215821	141.161992	329.923115	64.491291	159.945526	272.298967	-294.226492	899.807419	-224.269818	436.552140	304.142647	499.631223	-390.838140	-191.795517	-1.649104	102.402736	320.790624	420.936598	244.684840	-14.132822	335.922670	326.822116	-140.435088	673.549926	391.764104	2520.102362	
