
Matrice A di dimensione 36 x 36:
2.049754	3.088864	0.326014	-6.419937	4.897179	-2.336060	7.835079	6.557823	-5.382155	8.558167	2.897352	1.401493	1.879248	4.281940	0.681291	1.423501	8.097278	5.478922	-4.391562	2.207554	7.297711	-0.727308	-2.530234	-0.463626	9.817326	-9.152463	2.239334	0.202696	7.678501	8.796597	-4.326047	6.552195	9.487947	6.919749	5.220998	-2.419580	
3.625788	2.230896	8.159622	0.202347	6.292318	4.344053	8.857994	2.557094	7.011660	6.962246	-3.495957	-4.660695	5.995293	-3.108555	0.344021	3.076013	3.552244	7.596150	1.569983	8.362834	7.551894	-1.408489	1.681402	3.178265	-7.266780	6.898175	5.064927	3.668537	2.996536	5.288279	-6.516447	2.660274	1.763174	1.625311	1.882410	6.349663	
-7.248304	9.203479	2.422467	5.517765	8.779953	1.268176	1.500929	-2.538291	4.735412	5.676289	1.113125	9.894247	-1.935224	8.456904	-6.192547	9.605822	-6.521701	-5.949011	5.339215	0.304450	-1.920265	-5.652110	6.574195	8.708954	8.809273	3.630184	5.949398	3.708671	-0.678905	5.923924	4.726567	8.425890	2.955909	2.400792	0.059241	4.019972	
-5.542120	0.850568	9.704755	1.252324	3.655965	-1.837087	3.385101	0.786772	1.345320	-0.859641	-6.058956	0.837922	4.063916	-6.884443	7.959177	1.912628	1.606992	-1.758801	-0.670270	5.209209	3.433398	3.800050	7.612841	8.370144	-1.285202	-6.719588	1.643292	3.038652	5.952625	6.970035	-0.398873	7.828828	7.744516	0.593863	4.796451	9.230475	
0.750171	-5.100503	3.328793	8.129172	3.034890	6.358355	0.585449	-5.640163	0.390672	3.612982	-6.449911	-2.395405	-7.961935	-9.138121	6.461556	6.008081	3.860090	0.978186	-5.947088	7.020095	-4.879124	-1.225064	-1.790215	6.112970	5.372207	4.519696	-1.791224	0.192729	7.690231	9.232619	-7.250001	-5.401693	-8.694054	2.200985	-8.955999	2.950534	
5.313385	3.017160	0.189948	3.343684	1.194020	6.453562	-8.238079	7.117184	3.510246	-4.338963	3.909808	-5.582349	-1.339216	0.544905	5.582968	4.040441	9.957079	2.213336	-0.877623	-0.127240	8.021308	1.443071	5.983417	2.336759	-2.665929	-2.311779	2.027660	9.492354	3.619362	-8.404768	8.621229	8.996900	9.819682	9.506550	5.402716	7.456676	
-6.912583	-3.862667	-1.292926	-2.768241	8.927006	-4.553988	-3.939542	6.494266	7.252846	4.553738	9.631186	-8.631634	4.281775	6.402966	5.692351	6.043875	2.730118	7.214350	1.948161	5.285794	-0.266860	7.965318	1.595765	-3.268885	-5.002377	5.967596	8.447048	-7.062883	8.353717	1.917322	-1.518132	4.205908	8.551098	-4.815163	0.767949	5.660607	
-7.626397	3.502739	2.374811	3.914098	9.300589	-0.689913	0.787397	5.101478	-2.607741	6.167016	4.417430	0.731905	2.012038	2.170053	8.938682	7.400852	-0.746728	2.190400	-0.818599	-4.165575	-5.320273	-1.049505	-1.535255	9.553419	-5.921797	6.969919	7.515392	-1.948003	2.558937	2.507158	-3.198827	-4.751978	8.796301	-1.042814	-2.763335	6.157368	
2.237929	3.420548	-6.682232	-3.248624	1.749588	3.921053	6.980820	4.598869	4.319298	-1.528276	7.312060	4.400896	-3.405854	4.327078	4.030566	9.786213	0.545946	5.174986	8.446181	2.419108	4.542231	0.201316	-0.896381	8.103462	5.756198	0.433958	0.377744	3.669365	0.452706	4.364586	-5.841461	1.070137	8.640644	0.310839	6.495693	0.471396	
1.743589	6.021672	-4.811498	8.319740	-3.050795	-6.348825	2.306617	0.473680	8.898719	8.392445	-5.416828	-2.061004	8.979543	-5.749016	3.469176	9.225133	5.391109	5.305083	-1.968035	-8.276864	3.657598	0.936461	-6.113967	3.363628	6.078345	5.537425	2.100199	-7.100950	-6.819376	7.428308	2.361584	7.451476	-2.071896	3.921626	5.253250	-5.743923	
-5.874233	6.655126	5.121222	0.779671	4.479604	8.866940	-2.173795	1.811701	1.164073	-7.233474	1.098586	4.330982	9.031985	9.085570	3.334926	-1.187988	2.072692	9.029532	1.062416	6.774753	1.232030	-4.782007	-7.378068	5.241831	-7.272742	-0.138775	3.259636	4.617632	9.889348	9.007211	5.452339	3.907042	6.087629	-0.030796	-6.386848	-6.032524	
4.024863	8.687264	1.180787	3.170657	0.467895	-9.488912	0.722563	0.886111	0.231347	-8.872490	0.579926	-4.218088	-2.193710	2.884499	8.229142	6.707053	-7.485282	-0.770540	-4.238741	1.133085	7.049359	4.618356	9.331822	8.446874	5.872726	-3.185643	2.053412	6.478934	8.886101	9.266623	5.978943	9.643258	3.711449	3.810739	1.791276	-0.826278	
8.498736	9.890365	8.618463	2.580021	1.441568	7.083208	-9.514941	3.118227	-8.237925	-3.032489	8.494199	5.133426	-2.890811	7.824747	5.435243	-2.676515	0.504312	6.271332	-1.870832	-4.881986	6.267536	-3.083242	-9.113075	9.154221	7.145899	4.632375	8.338111	-5.665923	-0.872888	-8.066320	9.567300	8.079690	0.913094	3.768804	-3.695177	2.661863	
-8.498351	-1.189674	1.174125	0.334561	-8.314980	5.492736	1.007947	8.840396	9.799415	-8.027399	4.955399	3.803158	9.270110	4.308306	-6.383424	1.132399	-3.194339	-0.616638	0.380285	-3.409378	5.103017	9.720568	2.239497	7.160465	4.296690	7.840667	-5.315278	5.245192	6.830464	-5.022324	5.178643	6.024905	2.288073	1.983690	-8.586711	9.200584	
-8.933258	7.295268	3.336779	-1.128442	4.451094	-5.158882	-0.010198	0.375567	8.374823	-3.183688	3.641275	-4.053663	-7.047052	7.632837	-3.672132	3.746321	9.685053	4.554491	-9.391042	4.037903	-1.885773	2.703300	9.269385	2.321108	-9.683357	8.674325	-8.556249	7.132821	7.760501	2.328037	-0.251558	9.300779	-7.698936	-0.199632	3.730308	1.137648	
5.956681	7.772198	-3.250563	9.708327	8.854192	1.355124	5.222589	-8.584668	8.437522	-3.621257	9.907749	6.453169	5.623112	-2.875266	1.812623	-6.350357	2.247833	-7.121561	9.505994	1.860306	-9.733387	3.134924	3.190313	0.440140	6.711223	3.561898	4.291785	3.216733	-4.130378	-0.656372	7.213350	1.113766	1.006367	2.813337	0.460873	-8.206695	
2.283392	1.517611	3.197946	0.818213	8.040239	9.805134	0.357141	9.565424	-0.713974	6.530762	-5.637863	4.239755	-6.768699	-8.303531	-3.113277	1.383355	3.288002	4.523673	-1.195462	6.722528	9.906679	3.981764	2.688834	3.237258	4.657922	0.533023	-7.978777	5.511752	2.247506	2.216938	9.408199	-5.157047	-3.617627	-6.647276	4.869738	3.658378	
0.873716	2.260706	4.509581	-0.877972	9.522210	1.659004	3.809012	1.958600	2.852552	-3.920700	0.973026	-0.199578	9.274532	3.443170	0.301901	-1.055631	0.229951	9.592024	3.729427	7.283900	4.224766	1.452595	-3.430417	-6.903186	-3.703796	7.479706	8.689620	3.711716	5.269058	-1.604799	4.353743	-0.133813	-0.946387	0.868458	8.215041	5.275504	
6.586913	2.424267	-7.800205	0.177803	-3.247587	-0.372413	-1.018615	5.673399	-0.814733	-3.813138	0.871786	4.523512	-1.332870	5.701329	8.190663	8.112788	8.707620	-7.767627	-5.724217	3.348065	6.828115	3.966163	-1.823436	1.409127	4.975048	5.495967	3.443755	8.510876	-0.609629	-4.293599	2.314253	-3.463119	0.105292	-3.328023	4.991888	-0.582490	
-3.005106	2.328799	-6.582923	4.559376	4.726669	2.821200	-8.097761	-1.126851	8.134251	4.885750	5.185665	-2.508889	2.113609	7.536608	-1.513440	1.684235	9.175240	9.305526	-4.303673	9.990369	6.177803	-2.575197	-7.048056	5.506772	1.552513	6.952255	6.809006	9.736351	5.598731	4.339672	-2.061298	6.709325	3.334525	6.807669	-4.678390	7.757608	
6.900163	-6.125778	1.164020	-7.967095	-1.086895	5.831347	2.599262	1.645995	2.060171	3.433504	-3.226406	-5.629307	1.142874	-4.402928	8.602820	0.171543	4.116487	-8.079960	6.688478	-8.751192	3.561509	6.691073	0.994045	-7.584077	2.248809	-2.808383	3.536539	2.008262	5.455872	6.918882	6.975418	-1.108048	4.899845	5.007750	-2.326125	4.206270	
6.854323	9.858932	8.860685	-4.233490	4.973985	-7.055858	-1.077426	-7.850511	-8.581080	-1.099718	6.218055	2.313478	-4.767039	1.932817	-4.417670	8.809828	8.548059	-9.855740	-4.818939	4.663830	-0.635618	-0.020131	5.764611	7.573178	1.604837	6.404322	4.251222	9.668233	-8.087035	7.558172	6.918571	5.789382	-0.565968	-8.442657	-1.981621	4.146237	
-6.444532	5.515577	4.608605	0.354910	7.188971	-5.628964	6.910978	8.960677	-3.513386	1.947041	2.174449	8.097385	9.286896	-8.904137	5.175739	3.765686	-6.579867	-2.013412	-8.979979	-5.483709	-1.761806	3.624552	-8.160133	-7.283825	8.096907	-6.435648	-4.892638	9.433756	4.956372	8.192751	-8.170807	1.266793	9.359286	9.565560	4.002732	-7.234965	
7.254234	2.687543	-1.528983	6.661240	-3.294945	3.118424	9.333971	9.405115	-5.320895	2.947866	6.211534	0.986474	6.368676	-0.297864	-4.082956	-4.761467	2.502284	7.319944	-8.926007	3.526881	3.189492	5.801447	3.649744	3.202610	-9.071906	4.863648	-8.284778	5.989496	2.444693	-0.321465	8.769442	3.811164	8.271724	9.270459	1.264093	4.578925	
-3.878509	1.356976	2.598879	-4.030016	-8.242316	8.821989	-9.337932	-7.178258	-8.209052	-7.714659	-3.688408	9.229924	4.174603	2.047011	-6.975698	1.581782	7.315061	1.266613	-9.291611	3.353402	-6.586234	1.877078	2.364068	4.298560	6.533673	0.972672	9.498235	4.860420	9.765523	-7.390724	3.408722	-9.807857	-2.918602	8.258596	8.622967	-8.748512	
3.132618	0.199898	-0.808668	6.984866	2.440289	-5.258312	3.663542	-0.462772	2.399343	-4.107258	2.464635	7.610976	3.399336	5.741756	1.698070	-3.767627	1.886159	0.595065	-8.715235	-2.489351	5.120330	-0.882723	-0.192572	-5.053244	-3.682817	5.513114	4.151266	0.769664	3.763896	1.955326	-4.246357	-0.444001	-2.041621	1.452243	3.434385	-3.023825	
-3.954132	9.503789	4.689603	6.494360	8.738936	9.629261	-8.086405	8.430931	3.431005	7.090275	2.558144	7.139618	-7.143768	7.437169	9.316884	4.680334	-7.125851	4.745040	-7.691066	9.813406	2.347262	0.258345	2.737851	-8.132121	9.158362	-3.701148	9.069209	0.609916	-3.866482	-7.986235	-5.114063	-3.437280	-2.237063	6.535622	0.956413	-4.359830	
-4.098384	1.168171	7.446622	-9.893864	8.574335	4.923652	9.212578	8.214939	4.952221	-3.712941	-5.181505	-4.040342	3.398044	9.651287	2.426362	8.265350	0.775538	-6.926703	-7.292905	-9.484017	3.637964	4.063702	2.260414	-9.177165	5.336640	7.629741	6.379082	0.494555	8.177697	4.764666	0.336224	7.340150	2.482982	3.643793	5.766301	6.828102	
-5.760041	-5.143180	9.730552	-9.933681	3.162556	0.035493	3.629306	0.133211	0.845069	2.189911	-7.118415	-9.502015	4.934949	-9.486460	-9.406280	6.608358	0.735722	2.190645	-8.176645	-9.694888	2.905999	-4.507517	1.434938	5.472621	9.904423	2.223288	3.751636	-8.447677	0.319027	5.962462	-9.217561	-2.578194	7.031088	7.049678	7.409959	9.910064	
-5.803620	-6.903929	6.923336	2.855227	-8.200600	1.626720	-8.098633	-4.721382	-3.771438	6.618376	9.270540	4.142795	-9.726873	8.399652	7.165164	-6.097310	7.387131	1.083182	5.258827	7.463593	0.036195	0.777677	-6.326260	8.059803	-7.333230	9.084294	3.710253	0.484086	2.181582	-5.604376	-6.861237	9.152200	1.113093	-6.260630	4.024472	1.327289	
8.446678	-9.002075	0.283706	-8.957199	4.137366	1.318872	8.129835	5.287053	9.424669	-7.718133	-8.551180	2.884351	-1.688041	0.331381	2.217902	7.027191	3.186902	-4.077323	-6.781431	5.424309	2.783115	3.012813	8.074330	0.596893	9.933768	4.278426	-2.298835	0.465205	6.398615	-1.482381	4.916684	1.194108	7.781203	-8.072862	-0.199856	9.441684	
0.104960	6.224004	6.002516	0.679143	4.809199	9.993913	8.314932	5.929792	-0.017533	2.970711	-8.720370	-9.270055	2.702429	4.522127	-4.508569	-3.153641	8.041717	8.804454	5.701184	6.554750	7.087367	2.641801	1.945716	-5.219510	7.957331	4.127948	-0.532780	5.538306	0.139221	6.089130	5.725490	0.661055	-7.151896	-7.688435	3.475788	7.985994	
-8.772554	3.261184	-5.740537	5.144516	-1.186271	6.365210	9.853371	-4.586384	7.925130	1.505046	-6.839618	5.545068	8.620443	7.242920	-3.788091	-1.360555	4.665616	-4.022160	5.079140	0.263052	7.845254	3.076459	-7.258748	3.201114	5.828433	-2.276598	9.542154	-1.518324	-4.870335	-5.101060	3.727625	3.723082	2.444965	0.819022	6.195402	-8.336799	
-4.866102	0.906416	5.160631	2.712801	-0.241669	-9.389347	2.321298	-1.019578	2.025098	4.874293	6.367464	8.386210	0.287865	2.687310	8.186340	4.599295	0.415655	6.083381	5.986779	0.636435	4.256100	-6.717806	5.813803	3.682844	8.133759	6.495256	0.747971	8.597468	1.125293	3.715005	-2.502885	1.192369	-1.599738	4.627166	4.555025	4.061822	
-8.003850	6.473457	1.914593	2.734389	7.628452	3.371595	-1.551281	-8.110300	6.230916	-9.334863	4.112929	-2.369729	-1.802391	7.258675	-2.473157	-0.926939	2.057303	-0.265104	4.982084	7.253646	6.055739	5.271347	3.453323	4.483939	5.550373	9.760913	4.384777	9.611675	9.147319	-1.569419	8.047425	5.998939	0.001098	8.232872	3.189910	-1.404558	
5.811681	1.240761	-0.096384	4.726433	-3.024740	0.616394	7.073687	-8.682293	-3.090789	3.218487	4.906699	6.439506	8.170185	3.283687	-2.976301	-5.161713	8.637373	5.514681	7.036885	-3.131224	5.317677	0.305769	2.831574	2.360168	8.564876	1.905362	-1.789357	3.098430	1.639115	7.406041	2.416413	-3.583343	-0.053330	8.185018	0.115129	0.055877	

Matrice B di dimensione 36 x 36:
2.049754	3.625788	-7.248304	-5.542120	0.750171	5.313385	-6.912583	-7.626397	2.237929	1.743589	-5.874233	4.024863	8.498736	-8.498351	-8.933258	5.956681	2.283392	0.873716	6.586913	-3.005106	6.900163	6.854323	-6.444532	7.254234	-3.878509	3.132618	-3.954132	-4.098384	-5.760041	-5.803620	8.446678	0.104960	-8.772554	-4.866102	-8.003850	5.811681	
3.088864	2.230896	9.203479	0.850568	-5.100503	3.017160	-3.862667	3.502739	3.420548	6.021672	6.655126	8.687264	9.890365	-1.189674	7.295268	7.772198	1.517611	2.260706	2.424267	2.328799	-6.125778	9.858932	5.515577	2.687543	1.356976	0.199898	9.503789	1.168171	-5.143180	-6.903929	-9.002075	6.224004	3.261184	0.906416	6.473457	1.240761	
0.326014	8.159622	2.422467	9.704755	3.328793	0.189948	-1.292926	2.374811	-6.682232	-4.811498	5.121222	1.180787	8.618463	1.174125	3.336779	-3.250563	3.197946	4.509581	-7.800205	-6.582923	1.164020	8.860685	4.608605	-1.528983	2.598879	-0.808668	4.689603	7.446622	9.730552	6.923336	0.283706	6.002516	-5.740537	5.160631	1.914593	-0.096384	
-6.419937	0.202347	5.517765	1.252324	8.129172	3.343684	-2.768241	3.914098	-3.248624	8.319740	0.779671	3.170657	2.580021	0.334561	-1.128442	9.708327	0.818213	-0.877972	0.177803	4.559376	-7.967095	-4.233490	0.354910	6.661240	-4.030016	6.984866	6.494360	-9.893864	-9.933681	2.855227	-8.957199	0.679143	5.144516	2.712801	2.734389	4.726433	
4.897179	6.292318	8.779953	3.655965	3.034890	1.194020	8.927006	9.300589	1.749588	-3.050795	4.479604	0.467895	1.441568	-8.314980	4.451094	8.854192	8.040239	9.522210	-3.247587	4.726669	-1.086895	4.973985	7.188971	-3.294945	-8.242316	2.440289	8.738936	8.574335	3.162556	-8.200600	4.137366	4.809199	-1.186271	-0.241669	7.628452	-3.024740	
-2.336060	4.344053	1.268176	-1.837087	6.358355	6.453562	-4.553988	-0.689913	3.921053	-6.348825	8.866940	-9.488912	7.083208	5.492736	-5.158882	1.355124	9.805134	1.659004	-0.372413	2.821200	5.831347	-7.055858	-5.628964	3.118424	8.821989	-5.258312	9.629261	4.923652	0.035493	1.626720	1.318872	9.993913	6.365210	-9.389347	3.371595	0.616394	
7.835079	8.857994	1.500929	3.385101	0.585449	-8.238079	-3.939542	0.787397	6.980820	2.306617	-2.173795	0.722563	-9.514941	1.007947	-0.010198	5.222589	0.357141	3.809012	-1.018615	-8.097761	2.599262	-1.077426	6.910978	9.333971	-9.337932	3.663542	-8.086405	9.212578	3.629306	-8.098633	8.129835	8.314932	9.853371	2.321298	-1.551281	7.073687	
6.557823	2.557094	-2.538291	0.786772	-5.640163	7.117184	6.494266	5.101478	4.598869	0.473680	1.811701	0.886111	3.118227	8.840396	0.375567	-8.584668	9.565424	1.958600	5.673399	-1.126851	1.645995	-7.850511	8.960677	9.405115	-7.178258	-0.462772	8.430931	8.214939	0.133211	-4.721382	5.287053	5.929792	-4.586384	-1.019578	-8.110300	-8.682293	
-5.382155	7.011660	4.735412	1.345320	0.390672	3.510246	7.252846	-2.607741	4.319298	8.898719	1.164073	0.231347	-8.237925	9.799415	8.374823	8.437522	-0.713974	2.852552	-0.814733	8.134251	2.060171	-8.581080	-3.513386	-5.320895	-8.209052	2.399343	3.431005	4.952221	0.845069	-3.771438	9.424669	-0.017533	7.925130	2.025098	6.230916	-3.090789	
8.558167	6.962246	5.676289	-0.859641	3.612982	-4.338963	4.553738	6.167016	-1.528276	8.392445	-7.233474	-8.872490	-3.032489	-8.027399	-3.183688	-3.621257	6.530762	-3.920700	-3.813138	4.885750	3.433504	-1.099718	1.947041	2.947866	-7.714659	-4.107258	7.090275	-3.712941	2.189911	6.618376	-7.718133	2.970711	1.505046	4.874293	-9.334863	3.218487	
2.897352	-3.495957	1.113125	-6.058956	-6.449911	3.909808	9.631186	4.417430	7.312060	-5.416828	1.098586	0.579926	8.494199	4.955399	3.641275	9.907749	-5.637863	0.973026	0.871786	5.185665	-3.226406	6.218055	2.174449	6.211534	-3.688408	2.464635	2.558144	-5.181505	-7.118415	9.270540	-8.551180	-8.720370	-6.839618	6.367464	4.112929	4.906699	
1.401493	-4.660695	9.894247	0.837922	-2.395405	-5.582349	-8.631634	0.731905	4.400896	-2.061004	4.330982	-4.218088	5.133426	3.803158	-4.053663	6.453169	4.239755	-0.199578	4.523512	-2.508889	-5.629307	2.313478	8.097385	0.986474	9.229924	7.610976	7.139618	-4.040342	-9.502015	4.142795	2.884351	-9.270055	5.545068	8.386210	-2.369729	6.439506	
1.879248	5.995293	-1.935224	4.063916	-7.961935	-1.339216	4.281775	2.012038	-3.405854	8.979543	9.031985	-2.193710	-2.890811	9.270110	-7.047052	5.623112	-6.768699	9.274532	-1.332870	2.113609	1.142874	-4.767039	9.286896	6.368676	4.174603	3.399336	-7.143768	3.398044	4.934949	-9.726873	-1.688041	2.702429	8.620443	0.287865	-1.802391	8.170185	
4.281940	-3.108555	8.456904	-6.884443	-9.138121	0.544905	6.402966	2.170053	4.327078	-5.749016	9.085570	2.884499	7.824747	4.308306	7.632837	-2.875266	-8.303531	3.443170	5.701329	7.536608	-4.402928	1.932817	-8.904137	-0.297864	2.047011	5.741756	7.437169	9.651287	-9.486460	8.399652	0.331381	4.522127	7.242920	2.687310	7.258675	3.283687	
0.681291	0.344021	-6.192547	7.959177	6.461556	5.582968	5.692351	8.938682	4.030566	3.469176	3.334926	8.229142	5.435243	-6.383424	-3.672132	1.812623	-3.113277	0.301901	8.190663	-1.513440	8.602820	-4.417670	5.175739	-4.082956	-6.975698	1.698070	9.316884	2.426362	-9.406280	7.165164	2.217902	-4.508569	-3.788091	8.186340	-2.473157	-2.976301	
1.423501	3.076013	9.605822	1.912628	6.008081	4.040441	6.043875	7.400852	9.786213	9.225133	-1.187988	6.707053	-2.676515	1.132399	3.746321	-6.350357	1.383355	-1.055631	8.112788	1.684235	0.171543	8.809828	3.765686	-4.761467	1.581782	-3.767627	4.680334	8.265350	6.608358	-6.097310	7.027191	-3.153641	-1.360555	4.599295	-0.926939	-5.161713	
8.097278	3.552244	-6.521701	1.606992	3.860090	9.957079	2.730118	-0.746728	0.545946	5.391109	2.072692	-7.485282	0.504312	-3.194339	9.685053	2.247833	3.288002	0.229951	8.707620	9.175240	4.116487	8.548059	-6.579867	2.502284	7.315061	1.886159	-7.125851	0.775538	0.735722	7.387131	3.186902	8.041717	4.665616	0.415655	2.057303	8.637373	
5.478922	7.596150	-5.949011	-1.758801	0.978186	2.213336	7.214350	2.190400	5.174986	5.305083	9.029532	-0.770540	6.271332	-0.616638	4.554491	-7.121561	4.523673	9.592024	-7.767627	9.305526	-8.079960	-9.855740	-2.013412	7.319944	1.266613	0.595065	4.745040	-6.926703	2.190645	1.083182	-4.077323	8.804454	-4.022160	6.083381	-0.265104	5.514681	
-4.391562	1.569983	5.339215	-0.670270	-5.947088	-0.877623	1.948161	-0.818599	8.446181	-1.968035	1.062416	-4.238741	-1.870832	0.380285	-9.391042	9.505994	-1.195462	3.729427	-5.724217	-4.303673	6.688478	-4.818939	-8.979979	-8.926007	-9.291611	-8.715235	-7.691066	-7.292905	-8.176645	5.258827	-6.781431	5.701184	5.079140	5.986779	4.982084	7.036885	
2.207554	8.362834	0.304450	5.209209	7.020095	-0.127240	5.285794	-4.165575	2.419108	-8.276864	6.774753	1.133085	-4.881986	-3.409378	4.037903	1.860306	6.722528	7.283900	3.348065	9.990369	-8.751192	4.663830	-5.483709	3.526881	3.353402	-2.489351	9.813406	-9.484017	-9.694888	7.463593	5.424309	6.554750	0.263052	0.636435	7.253646	-3.131224	
7.297711	7.551894	-1.920265	3.433398	-4.879124	8.021308	-0.266860	-5.320273	4.542231	3.657598	1.232030	7.049359	6.267536	5.103017	-1.885773	-9.733387	9.906679	4.224766	6.828115	6.177803	3.561509	-0.635618	-1.761806	3.189492	-6.586234	5.120330	2.347262	3.637964	2.905999	0.036195	2.783115	7.087367	7.845254	4.256100	6.055739	5.317677	
-0.727308	-1.408489	-5.652110	3.800050	-1.225064	1.443071	7.965318	-1.049505	0.201316	0.936461	-4.782007	4.618356	-3.083242	9.720568	2.703300	3.134924	3.981764	1.452595	3.966163	-2.575197	6.691073	-0.020131	3.624552	5.801447	1.877078	-0.882723	0.258345	4.063702	-4.507517	0.777677	3.012813	2.641801	3.076459	-6.717806	5.271347	0.305769	
-2.530234	1.681402	6.574195	7.612841	-1.790215	5.983417	1.595765	-1.535255	-0.896381	-6.113967	-7.378068	9.331822	-9.113075	2.239497	9.269385	3.190313	2.688834	-3.430417	-1.823436	-7.048056	0.994045	5.764611	-8.160133	3.649744	2.364068	-0.192572	2.737851	2.260414	1.434938	-6.326260	8.074330	1.945716	-7.258748	5.813803	3.453323	2.831574	
-0.463626	3.178265	8.708954	8.370144	6.112970	2.336759	-3.268885	9.553419	8.103462	3.363628	5.241831	8.446874	9.154221	7.160465	2.321108	0.440140	3.237258	-6.903186	1.409127	5.506772	-7.584077	7.573178	-7.283825	3.202610	4.298560	-5.053244	-8.132121	-9.177165	5.472621	8.059803	0.596893	-5.219510	3.201114	3.682844	4.483939	2.360168	
9.817326	-7.266780	8.809273	-1.285202	5.372207	-2.665929	-5.002377	-5.921797	5.756198	6.078345	-7.272742	5.872726	7.145899	4.296690	-9.683357	6.711223	4.657922	-3.703796	4.975048	1.552513	2.248809	1.604837	8.096907	-9.071906	6.533673	-3.682817	9.158362	5.336640	9.904423	-7.333230	9.933768	7.957331	5.828433	8.133759	5.550373	8.564876	
-9.152463	6.898175	3.630184	-6.719588	4.519696	-2.311779	5.967596	6.969919	0.433958	5.537425	-0.138775	-3.185643	4.632375	7.840667	8.674325	3.561898	0.533023	7.479706	5.495967	6.952255	-2.808383	6.404322	-6.435648	4.863648	0.972672	5.513114	-3.701148	7.629741	2.223288	9.084294	4.278426	4.127948	-2.276598	6.495256	9.760913	1.905362	
2.239334	5.064927	5.949398	1.643292	-1.791224	2.027660	8.447048	7.515392	0.377744	2.100199	3.259636	2.053412	8.338111	-5.315278	-8.556249	4.291785	-7.978777	8.689620	3.443755	6.809006	3.536539	4.251222	-4.892638	-8.284778	9.498235	4.151266	9.069209	6.379082	3.751636	3.710253	-2.298835	-0.532780	9.542154	0.747971	4.384777	-1.789357	
0.202696	3.668537	3.708671	3.038652	0.192729	9.492354	-7.062883	-1.948003	3.669365	-7.100950	4.617632	6.478934	-5.665923	5.245192	7.132821	3.216733	5.511752	3.711716	8.510876	9.736351	2.008262	9.668233	9.433756	5.989496	4.860420	0.769664	0.609916	0.494555	-8.447677	0.484086	0.465205	5.538306	-1.518324	8.597468	9.611675	3.098430	
7.678501	2.996536	-0.678905	5.952625	7.690231	3.619362	8.353717	2.558937	0.452706	-6.819376	9.889348	8.886101	-0.872888	6.830464	7.760501	-4.130378	2.247506	5.269058	-0.609629	5.598731	5.455872	-8.087035	4.956372	2.444693	9.765523	3.763896	-3.866482	8.177697	0.319027	2.181582	6.398615	0.139221	-4.870335	1.125293	9.147319	1.639115	
8.796597	5.288279	5.923924	6.970035	9.232619	-8.404768	1.917322	2.507158	4.364586	7.428308	9.007211	9.266623	-8.066320	-5.022324	2.328037	-0.656372	2.216938	-1.604799	-4.293599	4.339672	6.918882	7.558172	8.192751	-0.321465	-7.390724	1.955326	-7.986235	4.764666	5.962462	-5.604376	-1.482381	6.089130	-5.101060	3.715005	-1.569419	7.406041	
-4.326047	-6.516447	4.726567	-0.398873	-7.250001	8.621229	-1.518132	-3.198827	-5.841461	2.361584	5.452339	5.978943	9.567300	5.178643	-0.251558	7.213350	9.408199	4.353743	2.314253	-2.061298	6.975418	6.918571	-8.170807	8.769442	3.408722	-4.246357	-5.114063	0.336224	-9.217561	-6.861237	4.916684	5.725490	3.727625	-2.502885	8.047425	2.416413	
6.552195	2.660274	8.425890	7.828828	-5.401693	8.996900	4.205908	-4.751978	1.070137	7.451476	3.907042	9.643258	8.079690	6.024905	9.300779	1.113766	-5.157047	-0.133813	-3.463119	6.709325	-1.108048	5.789382	1.266793	3.811164	-9.807857	-0.444001	-3.437280	7.340150	-2.578194	9.152200	1.194108	0.661055	3.723082	1.192369	5.998939	-3.583343	
9.487947	1.763174	2.955909	7.744516	-8.694054	9.819682	8.551098	8.796301	8.640644	-2.071896	6.087629	3.711449	0.913094	2.288073	-7.698936	1.006367	-3.617627	-0.946387	0.105292	3.334525	4.899845	-0.565968	9.359286	8.271724	-2.918602	-2.041621	-2.237063	2.482982	7.031088	1.113093	7.781203	-7.151896	2.444965	-1.599738	0.001098	-0.053330	
6.919749	1.625311	2.400792	0.593863	2.200985	9.506550	-4.815163	-1.042814	0.310839	3.921626	-0.030796	3.810739	3.768804	1.983690	-0.199632	2.813337	-6.647276	0.868458	-3.328023	6.807669	5.007750	-8.442657	9.565560	9.270459	8.258596	1.452243	6.535622	3.643793	7.049678	-6.260630	-8.072862	-7.688435	0.819022	4.627166	8.232872	8.185018	
5.220998	1.882410	0.059241	4.796451	-8.955999	5.402716	0.767949	-2.763335	6.495693	5.253250	-6.386848	1.791276	-3.695177	-8.586711	3.730308	0.460873	4.869738	8.215041	4.991888	-4.678390	-2.326125	-1.981621	4.002732	1.264093	8.622967	3.434385	0.956413	5.766301	7.409959	4.024472	-0.199856	3.475788	6.195402	4.555025	3.189910	0.115129	
-2.419580	6.349663	4.019972	9.230475	2.950534	7.456676	5.660607	6.157368	0.471396	-5.743923	-6.032524	-0.826278	2.661863	9.200584	1.137648	-8.206695	3.658378	5.275504	-0.582490	7.757608	4.206270	4.146237	-7.234965	4.578925	-8.748512	-3.023825	-4.359830	6.828102	9.910064	1.327289	9.441684	7.985994	-8.336799	4.061822	-1.404558	0.055877	

Risultato:
Matrice C di dimensione 36 x 36:
2088.557337	462.851971	28.021513	459.582807	-56.804780	108.763576	-185.596403	224.779001	182.381353	491.712196	135.873037	296.345270	20.143132	-439.938166	-334.740249	-112.332116	16.575535	-77.326979	-156.352053	564.850350	92.053722	-42.896987	682.302993	27.862069	-203.488467	119.194382	429.096455	270.850241	413.883089	-465.602661	91.466300	230.496805	262.866526	183.854894	165.519014	416.094302	
462.851971	2126.430877	102.537311	627.207651	576.277865	88.269749	339.922510	174.542914	414.057230	654.922951	981.240966	131.026677	-292.698339	102.678358	363.107432	1.192849	415.430604	267.103587	-32.502078	755.938098	459.464410	147.586639	248.793487	335.918549	-291.619659	76.992960	362.536016	444.526052	1091.579724	93.724266	486.370792	595.899660	-39.456363	229.517720	-12.019670	126.690966	
28.021513	102.537311	2562.613233	549.218052	105.710543	630.118062	416.987554	274.376012	592.487061	28.602583	477.363033	361.233489	483.609345	364.950784	334.936735	920.900754	236.447367	-82.146269	-39.628996	843.801947	103.989750	822.711228	487.555049	172.897482	149.235370	-16.635729	656.274209	745.640710	313.938160	646.980129	46.662101	400.660342	540.950430	996.653193	631.747638	615.436563	
459.582807	627.207651	549.218052	2303.521588	265.022347	536.236312	272.814824	157.386369	-96.498434	401.362829	149.607019	770.085966	47.653936	153.119249	469.112948	17.127573	247.147512	118.331975	-199.511904	183.687453	-50.858291	422.216059	837.609628	463.719542	313.355065	-312.695061	-221.211504	381.379335	262.461869	-196.448680	323.132969	162.189561	240.034570	482.607313	186.820072	346.275016	
-56.804780	576.277865	105.710543	265.022347	2268.229354	276.275140	519.543554	175.021384	22.761040	-81.220563	61.536565	285.237387	-83.517666	-518.899695	237.622042	94.905440	637.189777	8.289173	248.627845	251.076638	142.221539	394.427387	18.640414	190.315737	121.799212	-103.615560	148.864869	91.709105	392.083082	413.701940	315.416429	329.321840	-334.693854	293.456395	38.009576	102.047857	
108.763576	88.269749	630.118062	536.236312	276.275140	2564.915765	865.557834	506.298914	498.657006	-338.882232	266.859585	355.814543	932.951177	459.868581	428.872417	441.703312	521.374221	488.045598	159.098801	614.571449	380.045842	459.609634	339.152567	902.184120	142.553615	5.738851	372.261922	761.999217	16.998735	613.652830	558.768272	336.604935	346.992923	487.497992	894.556386	383.660649	
-185.596403	339.922510	416.987554	272.814824	519.543554	865.557834	2535.845811	676.845477	300.570914	152.773630	236.780055	64.950885	334.185431	141.303097	460.545086	153.865474	81.893531	822.382221	425.626089	456.224893	390.510681	182.236720	77.017569	234.206296	-129.229412	332.352174	14.216931	1114.880841	184.063182	936.619512	600.048632	184.656523	-309.362027	112.124837	139.589143	228.029802	
224.779001	174.542914	274.376012	157.386369	175.021384	506.298914	676.845477	2009.135926	201.670974	28.515184	350.423328	147.607549	420.380181	3.655163	-83.303847	90.869227	153.025695	426.723974	-38.901723	257.016960	-163.519713	158.756109	386.539871	377.032640	-205.010687	169.155551	365.920273	399.596989	239.789715	2.575637	101.411445	-253.234145	227.193701	372.812875	269.345601	-110.364194	
182.381353	414.057230	592.487061	-96.498434	22.761040	498.657006	300.570914	201.670974	1917.730658	309.334451	343.661760	533.709881	383.152395	381.149910	-158.904055	169.993369	83.009073	150.229518	165.869438	585.702315	256.661558	217.193630	420.817892	583.514004	61.518098	81.272828	167.222520	755.150842	543.321315	554.287681	340.130755	322.686406	117.110967	470.837704	433.358330	340.299174	
491.712196	654.922951	28.602583	401.362829	-81.220563	-338.882232	152.773630	28.515184	309.334451	2736.598457	-13.329266	151.689917	241.279639	-7.829435	13.242778	344.247596	-134.789529	-111.212998	-5.918457	75.849327	99.744823	46.072578	268.450081	6.417779	-74.927824	118.141433	127.347825	610.748797	485.762073	-197.395038	-201.007087	13.235350	308.970622	15.663485	-226.501295	378.068236	
135.873037	981.240966	477.363033	149.607019	61.536565	266.859585	236.780055	350.423328	343.661760	-13.329266	2507.426861	26.505946	251.247229	596.731422	403.807119	170.628745	168.122741	-90.913329	263.949310	633.659617	96.122761	382.149476	495.445771	322.377193	292.156663	57.906441	446.856118	465.745383	304.365773	227.471947	-89.785201	289.383909	-89.974204	337.563778	183.767465	116.418624	
296.345270	131.026677	361.233489	770.085966	285.237387	355.814543	64.950885	147.607549	533.709881	151.689917	26.505946	2316.893579	325.786820	112.134436	483.987468	-119.038280	361.156953	292.268256	65.724122	58.456626	-18.528203	209.582078	361.657153	530.079824	223.025356	-142.054700	111.473321	386.967680	-138.387230	-367.789019	86.598434	122.316096	-26.193620	497.578100	603.663841	-32.868667	
20.143132	-292.698339	483.609345	47.653936	-83.517666	932.951177	334.185431	420.380181	383.152395	241.279639	251.247229	325.786820	2792.827492	508.082792	134.866450	138.891980	274.275396	467.197780	-323.909195	403.332689	-81.252486	381.693117	-446.822654	438.884715	441.361946	522.174499	24.210886	264.983100	-227.600679	609.965037	-231.323926	54.453066	-110.195462	229.405374	283.630813	414.998369	
-439.938166	102.678358	364.950784	153.119249	-518.899695	459.868581	141.303097	3.655163	381.149910	-7.829435	596.731422	112.134436	508.082792	2745.699071	289.292283	126.293448	-260.038929	-139.114462	-305.481637	501.191866	-105.517894	-243.234368	-74.831425	514.684198	104.546532	231.321673	39.730556	776.229439	269.641743	-176.483727	507.791287	-157.638456	-159.388035	212.859893	447.791234	155.969536	
-334.740249	363.107432	334.936735	469.112948	237.622042	428.872417	460.545086	-83.303847	-158.904055	13.242778	403.807119	483.987468	134.866450	289.292283	2451.171688	-22.624157	594.279478	241.502377	76.999929	459.179749	-217.864717	615.565117	-356.772242	492.040133	260.915020	-144.743156	127.835799	-4.627974	-295.264765	483.788872	-32.399458	-13.616453	-158.548771	292.955727	244.820891	-333.770973	
-112.332116	1.192849	920.900754	17.127573	94.905440	441.703312	153.865474	90.869227	169.993369	344.247596	170.628745	-119.038280	138.891980	126.293448	-22.624157	2174.403601	-85.525893	111.224593	-14.715595	344.453973	-80.232230	434.761185	241.732306	113.023912	-67.388569	-83.977452	294.348262	47.648332	-229.241728	161.200228	185.465207	-50.534783	440.220878	472.085932	531.297077	631.964152	
16.575535	415.430604	236.447367	247.147512	637.189777	521.374221	81.893531	153.025695	83.009073	-134.789529	168.122741	361.156953	274.275396	-260.038929	594.279478	-85.525893	2564.136292	420.125825	275.387889	-177.836824	-91.123970	-36.970806	-84.698547	579.200511	248.240434	-331.517721	257.876008	-163.555386	-56.170403	238.745071	246.384369	956.258465	-80.681845	-13.901770	292.044875	61.815022	
-77.326979	267.103587	-82.146269	118.331975	8.289173	488.045598	822.382221	426.723974	150.229518	-111.212998	-90.913329	292.268256	467.197780	-139.114462	241.502377	111.224593	420.125825	1798.903320	-85.914537	330.560522	-326.286253	-232.896100	-114.653487	349.476520	246.969204	331.704238	-2.665603	275.168780	-191.215644	-25.744423	387.144072	534.396175	192.122342	-157.401551	549.315213	6.292049	
-156.352053	-32.502078	-39.628996	-199.511904	248.627845	159.098801	425.626089	-38.901723	165.869438	-5.918457	263.949310	65.724122	-323.909195	-305.481637	76.999929	-14.715595	275.387889	-85.914537	2018.968577	-39.005797	243.594426	648.475371	246.277680	335.466198	274.313705	126.944672	318.424811	366.205785	11.622313	509.947268	532.548592	111.921561	-78.416906	-76.779488	-144.670461	11.770123	
564.850350	755.938098	843.801947	183.687453	251.076638	614.571449	456.224893	257.016960	585.702315	75.849327	633.659617	58.456626	403.332689	501.191866	459.179749	344.453973	-177.836824	330.560522	-39.005797	2497.305967	178.398555	281.040401	34.514801	528.376801	108.449632	151.926484	554.660083	151.924009	241.490530	489.087046	25.315439	217.055348	204.559123	433.395370	472.714010	236.918898	
92.053722	459.464410	103.989750	-50.858291	142.221539	380.045842	390.510681	-163.519713	256.661558	99.744823	96.122761	-18.528203	-81.252486	-105.517894	-217.864717	-80.232230	-91.123970	-326.286253	243.594426	178.398555	2302.306605	144.427807	170.888389	94.467219	-210.899453	237.804175	120.316720	632.471647	338.720892	218.226803	325.879354	286.315813	357.559995	-124.552346	-365.176864	142.452999	
-42.896987	147.586639	822.711228	422.216059	394.427387	459.609634	182.236720	158.756109	217.193630	46.072578	382.149476	209.582078	381.693117	-243.234368	615.565117	434.761185	-36.970806	-232.896100	648.475371	281.040401	144.427807	2431.303875	16.118415	243.416208	59.958421	53.364589	-126.577917	368.199467	-58.565400	189.663117	198.984517	291.936503	-321.568690	636.895845	-20.551443	310.615559	
682.302993	248.793487	487.555049	837.609628	18.640414	339.152567	77.017569	386.539871	420.817892	268.450081	495.445771	361.657153	-446.822654	-74.831425	-356.772242	241.732306	-84.698547	-114.653487	246.277680	34.514801	170.888389	16.118415	2796.391985	556.158172	52.188866	-0.621168	290.196732	1011.962822	808.821407	-171.110677	266.845790	142.926040	234.718114	544.357588	125.198296	483.842756	
27.862069	335.918549	172.897482	463.719542	190.315737	902.184120	234.206296	377.032640	583.514004	6.417779	322.377193	530.079824	438.884715	514.684198	492.040133	113.023912	579.200511	349.476520	335.466198	528.376801	94.467219	243.416208	556.158172	2292.288622	327.561581	184.204758	23.321176	438.762457	51.905283	415.931145	115.141733	245.482102	31.346087	232.452072	189.071255	360.713106	
-203.488467	-291.619659	149.235370	313.355065	121.799212	142.553615	-129.229412	-205.010687	61.518098	-74.927824	292.156663	223.025356	441.361946	104.546532	260.915020	-67.388569	248.240434	246.969204	274.313705	108.449632	-210.899453	59.958421	52.188866	327.561581	2311.286033	131.524467	179.575962	261.546896	-142.068646	159.263592	-194.793277	-231.532300	226.412769	-62.822577	427.828555	143.589523	
119.194382	76.992960	-16.635729	-312.695061	-103.615560	5.738851	332.352174	169.155551	81.272828	118.141433	57.906441	-142.054700	522.174499	231.321673	-144.743156	-83.977452	-331.517721	331.704238	126.944672	151.926484	237.804175	53.364589	-0.621168	184.204758	131.524467	1704.026618	176.565356	394.431359	-187.486868	7.923161	173.193433	-36.921378	-352.313740	-17.909948	-59.593638	199.884828	
429.096455	362.536016	656.274209	-221.211504	148.864869	372.261922	14.216931	365.920273	167.222520	127.347825	446.856118	111.473321	24.210886	39.730556	127.835799	294.348262	257.876008	-2.665603	318.424811	554.660083	120.316720	-126.577917	290.196732	23.321176	179.575962	176.565356	2647.488270	306.824077	-67.439871	95.614701	-181.156114	-91.369128	255.505122	351.052507	82.141184	-462.541847	
270.850241	444.526052	745.640710	381.379335	91.709105	761.999217	1114.880841	399.596989	755.150842	610.748797	465.745383	386.967680	264.983100	776.229439	-4.627974	47.648332	-163.555386	275.168780	366.205785	151.924009	632.471647	368.199467	1011.962822	438.762457	261.546896	394.431359	306.824077	2661.243433	1006.203171	297.194763	853.839782	503.172561	-79.440972	407.963909	563.333024	376.407648	
413.883089	1091.579724	313.938160	262.461869	392.083082	16.998735	184.063182	239.789715	543.321315	485.762073	304.365773	-138.387230	-227.600679	269.641743	-295.264765	-229.241728	-56.170403	-191.215644	11.622313	241.490530	338.720892	-58.565400	808.821407	51.905283	-142.068646	-187.486868	-67.439871	1006.203171	2728.214548	29.947477	813.530336	263.073896	-241.653267	-123.874408	-88.827565	163.927163	
-465.602661	93.724266	646.980129	-196.448680	413.701940	613.652830	936.619512	2.575637	554.287681	-197.395038	227.471947	-367.789019	609.965037	-176.483727	483.788872	161.200228	238.745071	-25.744423	509.947268	489.087046	218.226803	189.663117	-171.110677	415.931145	159.263592	7.923161	95.614701	297.194763	29.947477	2900.026779	-35.419514	3.716577	-5.550465	304.437703	431.877138	308.474473	
91.466300	486.370792	46.662101	323.132969	315.416429	558.768272	600.048632	101.411445	340.130755	-201.007087	-89.785201	86.598434	-231.323926	507.791287	-32.399458	185.465207	246.384369	387.144072	532.548592	25.315439	325.879354	198.984517	266.845790	115.141733	-194.793277	173.193433	-181.156114	853.839782	813.530336	-35.419514	2168.902754	248.886344	-127.655532	-256.007983	372.189309	85.505492	
230.496805	595.899660	400.660342	162.189561	329.321840	336.604935	184.656523	-253.234145	322.686406	13.235350	289.383909	122.316096	54.453066	-157.638456	-13.616453	-50.534783	956.258465	534.396175	111.921561	217.055348	286.315813	291.936503	142.926040	245.482102	-231.532300	-36.921378	-91.369128	503.172561	263.073896	3.716577	248.886344	1976.103386	359.397497	336.332797	420.281550	546.270048	
262.866526	-39.456363	540.950430	240.034570	-334.693854	346.992923	-309.362027	227.193701	117.110967	308.970622	-89.974204	-26.193620	-110.195462	-159.388035	-158.548771	440.220878	-80.681845	192.122342	-78.416906	204.559123	357.559995	-321.568690	234.718114	31.346087	226.412769	-352.313740	255.505122	-79.440972	-241.653267	-5.550465	-127.655532	359.397497	2468.340513	211.092401	702.730435	236.030900	
183.854894	229.517720	996.653193	482.607313	293.456395	487.497992	112.124837	372.812875	470.837704	15.663485	337.563778	497.578100	229.405374	212.859893	292.955727	472.085932	-13.901770	-157.401551	-76.779488	433.395370	-124.552346	636.895845	544.357588	232.452072	-62.822577	-17.909948	351.052507	407.963909	-123.874408	304.437703	-256.007983	336.332797	211.092401	2151.569241	488.686378	636.713139	
165.519014	-12.019670	631.747638	186.820072	38.009576	894.556386	139.589143	269.345601	433.358330	-226.501295	183.767465	603.663841	283.630813	447.791234	244.820891	531.297077	292.044875	549.315213	-144.670461	472.714010	-365.176864	-20.551443	125.198296	189.071255	427.828555	-59.593638	82.141184	563.333024	-88.827565	431.877138	372.189309	420.281550	702.730435	488.686378	2260.859083	252.091253	
416.094302	126.690966	615.436563	346.275016	102.047857	383.660649	228.029802	-110.364194	340.299174	378.068236	116.418624	-32.868667	414.998369	155.969536	-333.770973	631.964152	61.815022	6.292049	11.770123	236.918898	142.452999	310.615559	483.842756	360.713106	143.589523	199.884828	-462.541847	376.407648	163.927163	308.474473	85.505492	546.270048	236.030900	636.713139	252.091253	1818.552270	
