
Matrice A di dimensione 24 x 24:
-8.333806	3.504526	-3.371772	8.785393	9.317477	9.015892	7.981377	6.530953	-5.194608	2.258200	-1.018860	-6.569044	5.025126	-0.255214	2.585986	-9.713803	7.286499	-9.503732	-8.242007	6.727335	0.566244	8.750426	-9.504878	7.322755	
-1.065864	9.102547	-6.710751	6.454563	4.347805	6.947015	0.751899	-2.075259	8.348333	0.587063	-1.639759	-5.563380	-3.797879	1.423689	3.646606	-0.071405	4.358718	6.012739	2.435677	-7.746310	4.409298	9.708344	1.927184	-5.964538	
7.619307	8.341090	2.342718	-6.389582	6.256475	9.021450	7.364532	-4.943628	-6.322436	-4.999331	1.525581	1.930006	2.847524	-0.407564	-8.989616	-1.179879	-2.586123	5.362078	6.103283	8.278580	0.914636	-9.793912	0.798340	-7.224721	
9.950728	-4.166430	4.131202	9.908314	-0.748918	5.557564	-8.902570	2.119653	3.507543	8.865316	-5.989201	1.682917	-1.438483	3.915410	0.751199	-8.588236	6.207831	8.774896	-6.485980	1.960526	-8.937911	-7.195951	3.190053	7.962328	
-3.571678	5.545100	-8.991541	-7.558796	4.974579	-3.313542	-6.777317	7.996602	-1.928746	8.114356	4.537712	-8.666316	-9.829926	5.782289	-3.794754	6.682478	5.099087	-9.957239	-4.514529	0.813512	1.522533	5.064273	-5.794128	7.350963	
9.280791	5.468321	8.983762	-0.631523	5.276579	0.754352	6.690186	1.644112	2.798727	4.653676	2.931321	-4.972730	0.257643	-0.474904	5.756176	-7.127140	-8.493779	1.510066	4.499139	5.183642	-3.125590	8.785656	6.879016	-8.978198	
7.148042	9.663641	7.877037	1.449086	9.370867	3.647349	7.570697	6.718087	1.557391	4.010383	-2.329726	0.985840	-4.389574	-3.232716	-2.909849	0.605099	4.997965	-3.612732	-4.452554	3.724483	-3.219531	1.740198	-3.360004	9.173070	
0.022653	4.135079	8.060367	5.890567	9.814095	-3.835106	7.021741	1.517031	9.743742	6.412473	7.806257	4.789874	-6.466477	-7.017502	2.144617	2.165586	0.206388	3.020388	9.147767	2.141916	7.147298	4.063184	1.617656	5.417999	
3.494044	-9.729287	-1.158555	-6.986486	8.967480	-4.861036	-5.646046	0.453932	-8.107367	9.563441	1.109155	9.676655	2.887943	-9.905045	-0.843175	0.288850	6.793196	3.262594	-4.319395	4.364110	0.951779	-4.876900	6.458590	1.876476	
-0.902364	7.038133	-8.604626	-0.671032	-2.193113	7.033841	8.799916	0.648035	8.281612	9.034043	7.900030	-5.436898	8.577591	-6.691209	5.635859	4.337702	-7.204076	1.999312	6.820594	3.803471	5.612256	-9.667097	8.389361	-3.099829	
4.265292	-7.441367	2.813457	-3.745549	-9.323281	8.854595	6.915791	3.289318	3.702000	-0.837979	-3.895308	3.887952	1.653570	2.644124	-8.944365	-9.234777	-4.623551	1.127314	8.139218	-5.285091	1.294733	-8.303875	-6.261664	6.708955	
3.454742	8.310373	1.590128	9.634566	8.116124	-8.838933	5.647750	-3.733863	2.855441	2.719221	3.471305	1.509589	4.335172	-2.858472	-0.036434	4.823735	2.322001	-1.778408	3.551450	9.871484	-7.453425	2.990268	1.439155	-6.124018	
-5.214577	4.679289	4.084314	9.446766	1.046083	8.990358	5.817504	1.794354	7.982060	8.301416	-4.461053	1.976362	-3.227198	4.900625	-6.072520	5.286390	3.395783	2.154725	2.442159	-5.059882	3.500924	6.507582	-2.026564	-0.080330	
9.252190	8.386589	-2.062478	4.031964	1.968940	-5.862588	-1.566403	-9.240480	8.615783	3.877756	0.164967	8.633354	9.734480	-2.718354	9.433858	6.039718	-0.894480	3.549183	-3.042413	-1.510047	-0.888519	6.858335	-2.484304	-1.565809	
9.256566	1.142518	1.606553	-6.995146	-5.542411	4.633119	-4.345343	9.962650	0.435887	3.596877	0.111638	1.405442	4.963310	-3.469864	-1.571802	-6.570599	0.975406	1.245078	-3.119795	-4.420887	4.399443	2.129140	-6.220089	9.788297	
0.887010	-2.529043	3.654993	8.833659	3.368165	3.240376	1.492877	4.423092	-4.403352	-7.470325	-0.933174	4.102324	-6.658381	3.347595	1.804612	2.525715	7.630937	4.621109	3.100035	-2.757188	1.850317	6.450914	7.596992	9.673275	
5.133798	9.933299	3.173153	8.347493	-0.243366	4.756780	-2.256120	-8.764665	-7.666718	0.333786	3.955379	-6.426268	2.096740	0.976507	3.003754	3.903067	5.292683	-7.050976	5.792841	-2.577036	0.813445	-1.666037	-6.318666	9.048037	
2.568348	7.196265	2.268795	9.079001	5.263279	4.123511	2.292873	-5.113485	4.836079	0.981248	2.840384	0.050510	4.008142	-4.898036	6.051004	3.233735	-3.821734	3.423542	3.434392	1.569817	2.008620	-7.065354	-2.440774	-8.930756	
0.469926	4.669695	-8.348841	5.611121	-9.394777	-7.503455	1.050627	8.040353	-4.534530	1.502400	8.951899	9.757313	-0.107663	2.353356	2.403994	-3.041676	-7.639958	-3.664360	-4.237483	0.427876	-5.261584	8.675906	5.406883	-2.056003	
9.232019	7.759623	-0.538957	-6.935941	7.137580	6.160517	6.042360	7.681836	0.237614	9.732546	0.134733	8.649541	4.305368	7.396861	0.174964	-0.469140	5.637372	-6.855723	3.151566	-2.685571	-8.980825	-7.406799	6.610853	3.775804	
5.408239	-6.237983	2.152085	-1.642010	8.599416	-9.289900	-5.024209	7.508391	4.896789	5.014941	-6.404488	0.722033	2.692864	4.646436	4.899258	3.599553	-9.598643	4.774206	1.172662	8.011508	-1.558911	-9.239337	3.139880	-2.621004	
4.848550	-4.968723	0.089173	2.202989	3.326816	8.948932	2.519776	9.007879	4.306492	-1.521430	-9.723995	4.442796	3.591525	-8.055102	2.740198	3.542126	4.821632	8.235491	-0.401036	4.476782	6.552709	7.922299	-1.646566	9.935410	
9.195623	0.564971	-9.779060	-3.025615	2.148699	2.515164	-2.123938	1.471974	3.209645	6.522371	0.693965	7.292824	1.875816	9.312553	2.339127	-3.606851	-5.946225	6.900085	-4.216439	-2.887969	6.532358	8.647746	6.828419	-3.948460	
-1.151900	0.213166	2.708305	-8.975530	1.698975	1.271658	1.649131	-7.474051	-9.337294	5.584806	-8.700209	-3.290938	7.051121	5.198822	2.967457	6.738553	2.366360	5.493872	9.520313	0.712005	6.705588	7.280695	9.852871	8.274965	

Matrice B di dimensione 24 x 24:
-8.333806	-1.065864	7.619307	9.950728	-3.571678	9.280791	7.148042	0.022653	3.494044	-0.902364	4.265292	3.454742	-5.214577	9.252190	9.256566	0.887010	5.133798	2.568348	0.469926	9.232019	5.408239	4.848550	9.195623	-1.151900	
3.504526	9.102547	8.341090	-4.166430	5.545100	5.468321	9.663641	4.135079	-9.729287	7.038133	-7.441367	8.310373	4.679289	8.386589	1.142518	-2.529043	9.933299	7.196265	4.669695	7.759623	-6.237983	-4.968723	0.564971	0.213166	
-3.371772	-6.710751	2.342718	4.131202	-8.991541	8.983762	7.877037	8.060367	-1.158555	-8.604626	2.813457	1.590128	4.084314	-2.062478	1.606553	3.654993	3.173153	2.268795	-8.348841	-0.538957	2.152085	0.089173	-9.779060	2.708305	
8.785393	6.454563	-6.389582	9.908314	-7.558796	-0.631523	1.449086	5.890567	-6.986486	-0.671032	-3.745549	9.634566	9.446766	4.031964	-6.995146	8.833659	8.347493	9.079001	5.611121	-6.935941	-1.642010	2.202989	-3.025615	-8.975530	
9.317477	4.347805	6.256475	-0.748918	4.974579	5.276579	9.370867	9.814095	8.967480	-2.193113	-9.323281	8.116124	1.046083	1.968940	-5.542411	3.368165	-0.243366	5.263279	-9.394777	7.137580	8.599416	3.326816	2.148699	1.698975	
9.015892	6.947015	9.021450	5.557564	-3.313542	0.754352	3.647349	-3.835106	-4.861036	7.033841	8.854595	-8.838933	8.990358	-5.862588	4.633119	3.240376	4.756780	4.123511	-7.503455	6.160517	-9.289900	8.948932	2.515164	1.271658	
7.981377	0.751899	7.364532	-8.902570	-6.777317	6.690186	7.570697	7.021741	-5.646046	8.799916	6.915791	5.647750	5.817504	-1.566403	-4.345343	1.492877	-2.256120	2.292873	1.050627	6.042360	-5.024209	2.519776	-2.123938	1.649131	
6.530953	-2.075259	-4.943628	2.119653	7.996602	1.644112	6.718087	1.517031	0.453932	0.648035	3.289318	-3.733863	1.794354	-9.240480	9.962650	4.423092	-8.764665	-5.113485	8.040353	7.681836	7.508391	9.007879	1.471974	-7.474051	
-5.194608	8.348333	-6.322436	3.507543	-1.928746	2.798727	1.557391	9.743742	-8.107367	8.281612	3.702000	2.855441	7.982060	8.615783	0.435887	-4.403352	-7.666718	4.836079	-4.534530	0.237614	4.896789	4.306492	3.209645	-9.337294	
2.258200	0.587063	-4.999331	8.865316	8.114356	4.653676	4.010383	6.412473	9.563441	9.034043	-0.837979	2.719221	8.301416	3.877756	3.596877	-7.470325	0.333786	0.981248	1.502400	9.732546	5.014941	-1.521430	6.522371	5.584806	
-1.018860	-1.639759	1.525581	-5.989201	4.537712	2.931321	-2.329726	7.806257	1.109155	7.900030	-3.895308	3.471305	-4.461053	0.164967	0.111638	-0.933174	3.955379	2.840384	8.951899	0.134733	-6.404488	-9.723995	0.693965	-8.700209	
-6.569044	-5.563380	1.930006	1.682917	-8.666316	-4.972730	0.985840	4.789874	9.676655	-5.436898	3.887952	1.509589	1.976362	8.633354	1.405442	4.102324	-6.426268	0.050510	9.757313	8.649541	0.722033	4.442796	7.292824	-3.290938	
5.025126	-3.797879	2.847524	-1.438483	-9.829926	0.257643	-4.389574	-6.466477	2.887943	8.577591	1.653570	4.335172	-3.227198	9.734480	4.963310	-6.658381	2.096740	4.008142	-0.107663	4.305368	2.692864	3.591525	1.875816	7.051121	
-0.255214	1.423689	-0.407564	3.915410	5.782289	-0.474904	-3.232716	-7.017502	-9.905045	-6.691209	2.644124	-2.858472	4.900625	-2.718354	-3.469864	3.347595	0.976507	-4.898036	2.353356	7.396861	4.646436	-8.055102	9.312553	5.198822	
2.585986	3.646606	-8.989616	0.751199	-3.794754	5.756176	-2.909849	2.144617	-0.843175	5.635859	-8.944365	-0.036434	-6.072520	9.433858	-1.571802	1.804612	3.003754	6.051004	2.403994	0.174964	4.899258	2.740198	2.339127	2.967457	
-9.713803	-0.071405	-1.179879	-8.588236	6.682478	-7.127140	0.605099	2.165586	0.288850	4.337702	-9.234777	4.823735	5.286390	6.039718	-6.570599	2.525715	3.903067	3.233735	-3.041676	-0.469140	3.599553	3.542126	-3.606851	6.738553	
7.286499	4.358718	-2.586123	6.207831	5.099087	-8.493779	4.997965	0.206388	6.793196	-7.204076	-4.623551	2.322001	3.395783	-0.894480	0.975406	7.630937	5.292683	-3.821734	-7.639958	5.637372	-9.598643	4.821632	-5.946225	2.366360	
-9.503732	6.012739	5.362078	8.774896	-9.957239	1.510066	-3.612732	3.020388	3.262594	1.999312	1.127314	-1.778408	2.154725	3.549183	1.245078	4.621109	-7.050976	3.423542	-3.664360	-6.855723	4.774206	8.235491	6.900085	5.493872	
-8.242007	2.435677	6.103283	-6.485980	-4.514529	4.499139	-4.452554	9.147767	-4.319395	6.820594	8.139218	3.551450	2.442159	-3.042413	-3.119795	3.100035	5.792841	3.434392	-4.237483	3.151566	1.172662	-0.401036	-4.216439	9.520313	
6.727335	-7.746310	8.278580	1.960526	0.813512	5.183642	3.724483	2.141916	4.364110	3.803471	-5.285091	9.871484	-5.059882	-1.510047	-4.420887	-2.757188	-2.577036	1.569817	0.427876	-2.685571	8.011508	4.476782	-2.887969	0.712005	
0.566244	4.409298	0.914636	-8.937911	1.522533	-3.125590	-3.219531	7.147298	0.951779	5.612256	1.294733	-7.453425	3.500924	-0.888519	4.399443	1.850317	0.813445	2.008620	-5.261584	-8.980825	-1.558911	6.552709	6.532358	6.705588	
8.750426	9.708344	-9.793912	-7.195951	5.064273	8.785656	1.740198	4.063184	-4.876900	-9.667097	-8.303875	2.990268	6.507582	6.858335	2.129140	6.450914	-1.666037	-7.065354	8.675906	-7.406799	-9.239337	7.922299	8.647746	7.280695	
-9.504878	1.927184	0.798340	3.190053	-5.794128	6.879016	-3.360004	1.617656	6.458590	8.389361	-6.261664	1.439155	-2.026564	-2.484304	-6.220089	7.596992	-6.318666	-2.440774	5.406883	6.610853	3.139880	-1.646566	6.828419	9.852871	
7.322755	-5.964538	-7.224721	7.962328	7.350963	-8.978198	9.173070	5.417999	1.876476	-3.099829	6.708955	-6.124018	-0.080330	-1.565809	9.788297	9.673275	9.048037	-8.930756	-2.056003	3.775804	-2.621004	9.935410	-3.948460	8.274965	

Risultato:
Matrice C di dimensione 24 x 24:
1895.018013	414.409196	-115.293142	538.533622	469.047984	-5.961292	701.750890	219.859393	71.759658	209.502953	-120.667199	445.705366	445.934997	89.616385	516.465553	-472.750724	296.593048	340.160010	127.252010	-54.998354	84.557328	329.672848	115.399320	52.611871	
283.953006	1416.897950	97.528332	424.224423	209.291058	123.632318	20.679387	84.999296	-425.767688	-25.436844	-156.651917	134.495619	414.430742	143.923645	-66.184387	78.302486	219.786087	490.446082	288.234208	184.072144	-379.694732	236.976489	240.354542	369.597718	
99.465951	-148.102848	1608.802884	211.074609	-32.214848	233.208772	204.403680	143.124265	222.586086	374.384687	161.704516	156.107002	-293.863480	-72.952762	233.816374	-262.386287	191.330715	383.259783	196.168155	177.889233	-120.192786	101.147030	-181.893830	173.269398	
380.109863	252.225631	404.824142	1932.018083	91.013237	107.203225	563.910413	101.708350	383.343978	9.238665	368.705653	452.525626	205.981181	457.796862	598.194151	-250.839848	211.453172	356.176885	360.704552	244.913385	362.278558	510.010449	188.419792	-15.423326	
461.409793	349.349271	-441.258711	129.277040	1988.035363	-9.169593	595.375383	13.153840	617.188814	-351.742450	-671.102569	-255.778642	249.370644	-96.028336	624.729835	-69.833029	437.815906	-496.338660	22.039722	728.003698	-265.365253	68.329770	-280.745482	190.503433	
405.451217	306.846891	731.963001	612.883672	156.014290	1449.517552	559.588162	568.008347	-0.971885	529.991769	-155.117647	753.142406	-115.412886	810.228950	395.634604	-391.982310	374.247502	362.761899	529.234853	377.637917	273.627362	368.424162	513.444049	104.882653	
643.185425	288.890684	119.027551	337.051285	552.511719	494.711932	1341.556220	371.688020	329.499501	51.776961	-291.659489	406.021536	737.187731	716.892824	508.314893	-384.453247	377.119193	56.412258	-68.952705	451.390461	-12.182454	410.533671	-12.607910	6.412574	
-11.135421	74.219957	120.320161	145.182047	354.365300	501.013297	420.913347	1231.938360	69.655953	349.807961	260.926433	223.007246	777.443669	591.733971	349.721486	28.455125	291.334014	368.107023	107.497823	229.953917	206.779995	352.650973	-209.526266	-3.337343	
91.487795	-422.567290	-184.063973	145.926202	468.258020	-163.575427	130.552971	76.937373	1862.628836	141.329832	-203.459654	-368.020020	-134.902994	117.574138	566.615781	-490.983100	-0.993691	-185.325108	-10.055204	264.845790	33.278605	271.757975	80.018067	252.045059	
-153.455190	595.742436	673.460593	222.339554	-412.502903	483.416805	150.572607	660.763260	220.658389	2129.148233	-41.127032	499.050915	512.983041	263.664682	-63.201903	-485.511772	269.093778	774.599741	-108.756837	-184.985491	237.346551	307.264135	288.566865	78.177795	
-225.794353	-341.095893	599.337758	716.284977	-253.725652	36.659217	97.935370	488.328605	-511.630763	121.826385	1759.435732	33.647848	183.380121	216.949544	238.571022	-160.359687	12.215305	151.722573	187.536708	253.685208	191.318400	544.829687	64.861931	250.049320	
98.854576	449.594311	449.964995	631.811170	-45.566101	449.768587	629.510192	541.856595	-137.190214	244.893275	-9.740690	1998.730533	192.370997	760.414451	-790.198905	-126.788238	422.255038	701.470427	554.428709	-5.425174	400.205938	129.253455	559.711704	-512.928327	
-132.021430	592.613884	-99.696816	273.675992	-10.649459	177.066923	562.141792	621.496691	-72.439761	542.481653	255.836189	116.630590	1448.367923	392.405858	-3.129751	-135.551599	196.261301	350.751046	-101.474710	50.587045	-249.757788	310.879379	264.874739	-153.302618	
-371.640563	310.145051	108.310876	249.634359	-292.430573	704.287702	298.107697	425.877384	-57.059146	444.051222	-271.157868	757.088356	543.921532	1754.006749	64.638088	-115.999904	528.332963	589.785248	410.294663	14.079440	531.672591	127.895768	311.263389	11.871028	
456.250401	-58.994893	27.102901	692.191219	489.712304	266.034860	397.713430	288.680242	373.095719	-125.358221	212.355978	-559.055368	211.912851	709.433354	1810.688411	-213.945328	349.776004	-395.932704	484.292730	620.724150	399.370920	459.170318	-127.325080	496.824970	
-244.380814	53.276702	162.830964	229.408802	198.662331	-58.481626	-17.805582	530.554674	-253.182870	-400.089845	-5.178820	258.865022	50.842499	-199.351699	-189.469528	1427.482849	247.340178	-181.199968	106.475093	96.216439	126.851993	318.445749	-270.899471	-214.899689	
264.023128	415.656813	455.667126	524.649189	341.501090	428.080056	562.990103	259.849058	29.702857	233.787480	-209.841790	465.018285	231.854814	729.991408	437.438804	91.008807	1438.035834	93.961536	399.082395	466.239366	-212.370479	-39.875968	-119.152963	612.203222	
203.298529	510.891680	268.604497	199.892948	-668.422834	28.922980	-235.047264	159.051911	-182.281806	661.752016	-58.602030	280.408217	242.006979	110.949883	-490.856861	-460.567083	54.860877	1349.538116	71.495937	-541.858122	29.339715	-201.148976	152.685593	-344.271059	
238.421006	-24.177737	584.631330	482.634355	75.344420	204.496029	-28.340975	134.436119	-86.862648	63.598924	134.972789	477.910291	-305.881864	333.703594	351.825305	-344.791549	-36.532026	7.484282	1552.194590	51.287454	15.628174	258.151420	385.566253	-49.898728	
-112.104816	343.681718	92.145106	483.454157	386.976800	394.858446	807.486412	150.201034	61.469750	-43.968797	88.229189	422.637357	299.012867	480.223842	257.205939	532.820221	670.704966	-216.613483	138.271375	1985.432121	348.456612	138.105268	194.702974	508.737173	
-6.294140	-349.205338	168.966551	739.975458	-323.144894	252.429253	243.150544	455.625360	-189.775802	285.511868	186.489835	421.176262	34.795722	576.281264	318.634325	-170.320341	-351.671038	72.797252	-24.979438	164.310895	1489.755081	277.934627	140.539299	476.997974	
314.926928	531.307524	421.340854	581.511231	-189.058381	-53.764791	754.722825	318.039007	24.541981	-65.117547	267.657883	152.950680	307.302996	121.745105	443.911099	-104.998164	-329.202496	-482.875791	79.144458	170.718385	-183.204000	2214.032416	521.099980	408.119181	
315.691193	660.510282	-13.721251	371.232203	-244.290802	173.708143	180.115858	-323.047422	47.948033	141.574639	-212.290008	295.673096	-6.749144	448.825385	355.273232	-371.945156	-248.031061	-43.557025	432.034222	297.478414	8.152380	337.711767	1473.530949	234.774502	
355.118425	383.780257	97.013400	269.258602	-188.801524	-14.241044	124.979280	52.796225	-21.751153	172.228121	-152.299106	-422.307394	342.449650	261.190075	475.329869	210.107577	513.975422	-27.845713	-112.162455	457.991605	192.161134	-0.504688	-2.812885	1963.044091	
