
Matrice A di dimensione 36 x 36:
1.951266	9.428116	3.357285	3.960733	-4.618708	-7.679997	-2.349533	9.157306	3.578328	-1.800180	-4.560837	5.826934	3.590759	-5.008735	9.448844	5.328986	3.180663	9.777742	7.001861	1.671570	0.197339	-8.398425	6.844700	-0.420248	1.830611	-9.547538	1.233479	-6.730621	0.755845	-1.319325	7.872783	2.939565	7.724607	-2.928207	8.682376	-7.994763
-0.050391	1.209638	9.796364	4.285165	-6.339978	-8.588216	6.123041	-8.894384	-8.716413	3.469507	1.276684	-0.910040	5.937586	1.705557	-5.374973	-4.741388	9.638749	5.922160	6.647055	-9.906359	7.051491	2.338837	-1.988219	4.197294	3.932296	8.585455	-5.493730	0.884356	5.444473	9.157475	0.161262	7.984992	3.262350	2.542351	1.106045	2.234975
1.695028	7.277101	4.299008	0.502981	7.345733	6.286185	-7.899779	-2.245281	0.711141	4.108552	-1.561138	7.779836	2.047589	0.489848	-2.034709	4.924625	4.632393	-2.698908	5.566186	1.166672	3.145953	5.050756	7.233923	6.641614	-6.378626	5.364466	-0.198088	5.150334	-2.170709	7.839615	-5.362104	2.610690	-2.124180	-8.832320	-5.303417	4.523643
2.329043	5.174242	4.726680	1.746522	2.815327	2.962833	-4.062764	5.715009	-2.999727	1.993737	4.423022	-4.267943	1.098826	5.763709	6.062558	-4.201915	9.207315	7.366964	6.446656	8.524886	4.285144	5.171222	1.677738	9.454784	-6.468296	0.676306	4.835384	1.685111	-9.824657	-0.309213	3.394890	5.623495	0.028249	7.916708	8.876074	-2.996512
-0.822761	8.985534	9.253444	-5.031899	9.375746	8.384992	1.508452	8.178980	-8.954095	1.392319	3.753087	7.329949	-2.618962	1.948888	0.575215	-8.941057	4.350679	9.684720	3.462429	-4.712242	-9.438453	8.423127	5.597942	-2.504633	0.227536	6.666156	-9.260837	7.789576	4.477981	5.684845	2.395417	2.199501	-7.765951	-1.550505	-5.746145	2.340342
3.798483	-4.376356	-8.198743	-1.502391	-7.692796	4.046804	1.939168	-9.114954	3.992010	-6.713707	7.049864	-0.185983	-2.667920	7.163567	-7.105618	1.962796	5.326368	7.388153	5.290528	-2.356019	2.614348	-1.501648	2.390608	-8.641078	5.461174	-8.158476	5.951037	-1.932792	7.091640	6.740298	4.114450	-8.592342	7.435708	6.828731	4.926195	1.420736
8.314958	6.864561	9.104444	7.585829	3.372141	8.232226	7.073294	-4.450305	9.055002	1.777066	7.429702	5.251305	2.258149	1.942102	2.877637	1.413556	5.010681	6.627427	4.458434	3.035985	4.864347	1.045564	-2.198660	0.392643	-4.920958	-8.821585	3.363335	-1.829627	9.908162	0.796294	6.927997	2.342466	7.268533	8.585230	2.154451	-5.273464
-1.590427	7.641685	5.253499	9.978780	3.519588	9.493760	7.113986	-1.439144	-8.197893	-0.351944	2.724123	-3.884948	8.034512	7.889713	8.237638	6.977969	3.177794	8.100657	5.543386	6.827872	-7.668119	-1.931108	3.045958	8.842306	2.543213	7.704748	-5.577608	8.010314	3.248011	9.494292	4.010769	4.113718	4.254201	6.169736	0.543072	2.826495
4.170362	6.636565	2.939426	3.179979	-4.932977	-7.547452	2.827344	0.474315	9.877017	2.150691	4.067608	0.329390	5.505935	7.241801	-2.498058	-1.354527	-1.570396	-6.259271	7.422963	3.619473	8.714334	4.637330	-0.351175	8.398486	7.776852	0.045467	-6.331185	7.471922	6.493196	-8.619200	-1.443908	-1.155338	1.878672	4.141598	8.836604	1.690422
2.577798	2.545312	4.538838	8.480645	2.093573	-7.842344	3.395007	-4.336281	-3.953049	7.865542	4.349036	-4.844985	-8.182106	0.518483	5.560762	-7.972626	2.506668	-1.203170	-7.512958	6.466975	-8.001499	3.324008	5.627325	4.044798	4.076188	-0.663211	5.936295	6.514059	4.493039	8.057812	8.383443	3.446432	4.586207	-5.755393	8.609512	-3.350074
-3.382709	-9.004743	6.410711	7.471160	-0.749642	3.959609	1.338352	2.084827	-7.385345	9.983365	-8.765292	-7.212763	4.448891	7.962628	9.103768	7.341384	7.624695	0.013022	8.551268	-5.895630	-4.013382	3.300352	4.091373	-4.045306	0.909299	4.324552	-6.899130	2.436314	0.762866	8.893793	-9.892311	-3.000337	-6.030724	0.220914	8.303960	0.599535
3.984660	-5.112910	5.071225	8.890867	6.970200	6.889922	4.247733	1.262006	0.551624	7.884201	-3.316384	9.986603	9.405834	-2.024895	9.622600	0.378572	5.259775	-5.319396	8.825952	-1.062981	-2.799075	3.364126	0.780742	7.101186	3.263769	-7.727267	0.536381	3.735759	-7.199709	-7.360367	6.155196	9.975960	5.308805	5.022428	3.357927	1.383674
5.337179	7.480802	1.418660	-9.080619	-8.392610	9.807621	-4.841940	8.942706	0.156095	-8.459967	2.167417	3.207919	7.634725	-2.123271	-7.758677	0.943271	9.299342	7.526522	9.229051	8.593759	8.076145	5.373646	9.006682	-4.071147	4.736718	6.543428	5.989091	4.075505	6.474169	-4.596642	-9.198986	-3.107962	1.374589	7.483741	4.707121	1.790273
-1.488913	-0.387750	1.271271	1.191419	6.656077	-5.054541	0.740737	7.428235	-4.572965	6.761839	6.626507	6.772737	-7.465807	-1.923360	-1.009999	4.486308	1.967997	1.382856	9.763056	0.282936	4.681805	1.238457	-7.009229	7.766496	-9.075435	-4.255073	3.122697	-3.194202	3.063601	-5.310304	4.301133	-7.374428	0.696354	8.493880	9.135192	0.721536
8.423676	5.780340	0.803833	0.541167	-2.822295	-6.523110	-2.220518	6.696786	8.792838	-6.688205	-6.398328	9.558675	2.397501	9.323158	-5.932719	-5.005947	-5.152679	4.904077	7.535939	4.830378	-9.357870	-7.523576	5.583951	-6.254811	-3.863729	9.762043	3.706062	7.336675	8.876429	3.539053	0.667707	0.861620	0.759948	2.757531	8.927936	-9.544833
9.703186	5.932507	-0.299986	0.411918	9.602679	-6.200334	-1.949834	-2.797173	5.372502	3.097191	4.810177	7.694132	8.783698	4.088514	4.668765	-7.334580	-7.457353	-5.524967	3.633333	2.208284	3.431464	6.531158	0.517383	3.197919	-2.570937	6.713995	-9.876119	-1.948365	9.000670	8.143416	4.295835	1.141619	6.045536	4.509771	1.443760	3.745086
0.606687	8.309088	3.248758	-7.235250	3.750334	9.712461	3.518533	3.263640	-3.396945	4.398167	7.195045	7.864214	-7.937655	9.464618	3.565504	-1.724625	6.724796	5.282801	4.304309	8.213242	1.924564	-1.600298	4.002037	-9.398970	-2.401361	-9.158903	9.772815	1.870252	0.417798	5.133138	5.297892	5.763534	8.441323	-4.095889	8.276772	-6.766771
5.968217	3.730858	9.666184	-2.736588	-8.083112	9.247507	8.766094	-8.118494	-5.990234	-5.710616	-8.755832	-0.485440	-3.046357	-6.606106	-3.000762	7.189312	7.595636	8.137436	3.957254	4.755886	3.583470	-4.914860	-8.318455	-0.418024	7.763729	-6.360382	1.178519	0.358484	9.481627	-6.211063	-1.550053	1.562778	2.694440	6.121831	9.332883	7.203879
9.369937	-8.802422	-5.862478	4.877717	1.161749	5.568090	9.394263	2.952043	4.077919	5.621065	-6.700174	-4.783209	-0.895300	-1.418238	-4.818496	-9.772303	6.969487	1.200479	-8.010742	-1.868997	3.061993	9.556340	0.488970	1.746006	-3.734926	1.322557	6.670936	1.222583	6.390586	7.743807	-2.219158	3.925438	9.655919	4.029115	-2.569847	1.846669
7.974549	9.347337	8.325421	3.834942	7.458983	6.528367	-5.250611	-0.163508	0.895353	-4.287421	-4.965002	-1.106721	-7.134703	6.895735	-6.454002	1.144076	8.123839	9.176523	3.910098	0.828458	4.117487	-9.713662	2.440624	-2.290063	6.275024	5.178493	1.293067	0.886217	7.587053	8.260658	1.686829	3.380322	0.305360	1.825327	-4.703911	-2.958067
9.962190	9.889289	3.546687	-3.414494	-9.744948	0.217801	9.942946	0.694979	5.503345	3.170069	2.842127	-0.388791	7.144107	-2.056437	3.822804	-6.859836	-3.916872	-2.566864	5.179439	-4.266009	8.677901	4.142642	1.768270	3.626333	7.554308	6.193329	9.186465	3.597669	-3.887409	3.700227	4.673812	6.711088	1.818300	1.922773	-5.914771	6.564356
4.936435	0.438776	4.640664	4.368092	-1.316839	4.129395	3.448582	2.564659	4.120779	9.056195	9.921754	6.358408	2.742714	4.970912	-7.401096	5.747383	0.277871	3.201914	1.747413	5.663695	-2.989596	-7.724819	6.552660	-1.889576	-8.801221	1.138522	5.781361	6.783193	1.243449	2.606778	8.487962	9.618234	4.760541	6.791706	-4.858688	8.784260
0.301918	5.073543	3.814678	0.999977	2.758325	9.910066	-3.479257	8.709970	8.768655	0.188237	-0.487500	-9.824361	9.210800	8.011425	4.364801	1.327489	5.637962	1.546434	3.013143	3.326484	1.319314	-3.014377	9.329781	4.371677	5.721450	-6.871029	5.967313	9.476963	0.691146	-9.286791	-6.858552	4.243410	-1.966320	2.026243	8.407594	2.155911
-6.970068	9.630534	-3.218307	5.405113	-2.568181	8.219809	-6.510522	-5.366002	-6.540666	3.807602	8.762346	7.320859	0.483720	0.901397	-7.190426	9.971844	1.970041	2.940814	-2.385268	5.558713	-4.093846	0.668263	6.665794	7.122383	7.939881	4.836060	0.974376	-8.452624	3.949803	3.699774	6.019631	6.363735	7.594798	2.316508	3.253751	7.353831
5.347080	9.204552	-1.847272	8.325410	8.082913	1.375959	-4.732768	-6.831173	3.508283	-1.421356	5.192226	-6.607133	-4.185800	0.692341	8.643100	1.049649	1.010461	-1.211094	-7.231481	-5.950074	2.920782	-1.137074	-2.871192	3.810816	-9.358219	-4.556361	6.680185	-8.789088	-8.442894	-5.715271	1.060592	-2.220856	1.875272	-9.690424	2.735322	-4.695254
4.070465	9.219387	3.364055	-7.506208	6.957413	-8.453215	9.662860	1.874310	5.400855	5.118626	-4.862868	-0.966206	-2.793186	8.161587	-5.946450	1.630366	3.865236	-7.181964	3.534013	8.281019	0.508378	-5.128457	3.351929	-0.379098	-2.287151	-7.387781	-0.928388	1.225051	-5.920731	-7.314281	0.414386	-4.244491	1.652660	-2.151582	-3.519129	2.114625
-4.295627	8.788385	1.817077	3.341577	-9.963996	8.148836	-7.081801	-2.887923	-1.265725	0.060679	-0.997855	1.378501	-8.327453	-9.366399	6.571619	7.418639	0.011428	3.260007	9.182669	6.048240	4.913582	0.826946	-5.860748	2.346247	3.488243	6.927613	1.000931	1.667174	-2.717320	4.040214	-1.484748	-8.209089	-4.525497	-9.206583	-5.977822	2.498296
0.731278	-6.986242	-8.315174	-8.835216	9.602045	-7.784519	7.617694	-8.014789	-8.820695	9.673106	-8.919043	2.624036	-7.622505	-7.430793	8.584383	4.858785	2.847404	7.378465	-8.378905	4.382871	6.665728	-8.705283	2.742205	9.274171	-7.026203	9.924447	8.623583	-0.610405	-3.049574	1.746266	3.639412	-3.184935	3.704074	-9.092704	6.952788	4.387411
-1.746257	4.314874	5.487721	-1.695623	-5.324506	9.904548	-8.522758	8.187795	-8.784367	0.825993	7.910911	-4.451696	7.869458	7.313856	8.188345	3.803718	-8.380863	6.274364	0.796167	2.858696	8.154060	0.231421	9.363493	8.031008	-3.752667	3.113827	1.577613	4.463884	7.577663	2.062642	-2.560496	0.629104	4.456666	7.610685	-5.306015	-9.696218
0.903164	3.439359	0.092525	-7.197033	8.292757	-2.313043	-9.005785	-9.483839	8.938289	0.905278	-2.167481	3.837240	5.870746	-0.400196	7.183803	9.866470	7.221548	7.316302	9.357957	2.656186	4.482227	-3.143658	6.028093	6.437015	7.565609	7.986109	-3.295776	7.118217	-8.526728	-0.867889	0.911664	-2.125928	4.175603	3.487160	7.503904	-3.871123
0.011231	-7.987923	6.391683	-1.327356	9.633123	7.851755	-9.637357	2.741705	-8.167325	1.266755	1.060311	6.501405	6.912215	2.050516	1.151655	9.001387	5.604547	4.721183	2.454752	5.015846	0.365152	9.400568	6.646310	1.569096	-3.235633	1.954624	-0.864074	8.957000	9.877026	4.316363	-8.935406	7.395175	-1.063173	4.452966	6.372993	3.787073
6.732973	0.906406	3.371366	5.699582	0.401328	-9.888465	1.951647	7.897647	-5.763803	5.682766	2.185188	5.863967	8.814535	-5.080975	-7.929390	-9.150149	4.628838	1.430985	2.700583	9.444025	5.581277	1.308918	-0.873367	-1.247628	-6.252456	-9.429559	-8.324275	9.819646	6.428754	2.488312	-3.822971	-7.091792	3.047119	7.054304	4.303966	-2.279519
5.227444	-6.690538	6.102900	2.988849	-0.224103	9.697452	-7.472915	2.687748	0.876779	-5.892071	0.644222	1.520891	8.807645	2.217851	6.659464	4.146504	-3.348320	-5.085966	5.978364	6.940162	5.522448	-8.161117	4.224875	-8.094427	7.374539	7.279109	-9.926976	9.915328	5.112178	7.090563	-5.397369	-8.909264	9.173461	2.794980	3.585002	3.205536
-9.461585	3.895098	6.787888	-9.158732	4.475644	7.042586	8.578707	-1.203339	5.730818	1.232731	4.797757	6.009659	8.564101	7.842127	-8.868634	9.115330	1.161207	9.671592	4.653676	7.805776	4.643507	8.860567	1.653263	-6.683159	3.871012	1.948261	7.625214	3.302896	-9.216127	-7.049341	1.306237	1.631408	5.421060	0.419396	3.687885	-4.350339
-5.852138	-6.535736	-6.842180	4.306210	-0.787658	-2.580971	5.584724	-5.773135	5.395118	6.542721	8.247090	2.083349	3.227339	0.813556	4.004817	-3.684459	4.833197	3.942984	1.222830	4.920535	3.948710	1.625814	8.532171	5.285727	2.386440	9.335346	4.575049	-6.749453	8.114580	-8.955472	1.216502	9.236532	6.405275	6.409392	0.713776	6.092710
-8.076496	7.891146	5.172537	-5.741839	-4.036821	-5.180760	8.629623	8.192755	0.487468	-1.843458	5.620234	-9.453440	5.889720	-7.778845	1.349788	-4.897914	4.640863	0.063416	-1.328493	5.960225	-8.707123	8.194495	7.360619	2.408725	3.637832	5.823995	-6.613312	3.891179	2.935675	-2.091255	8.901125	5.589335	6.386088	0.890876	3.961664	-9.319886

Matrice B di dimensione 36 x 36:
9.649445	-6.793704	-0.478254	5.737838	5.572965	1.454130	1.098342	-7.083503	-5.145382	2.234107	-9.523752	1.329587	-3.229386	-6.818132	9.978485	-4.656323	5.265003	8.307760	-8.897715	3.142647	9.902256	-7.195730	-4.867058	8.192012	8.709132	0.101775	9.039307	1.188276	-4.374669	-3.268617	8.452164	7.113113	2.892625	7.165366	-7.064290	-5.845528
-6.910006	-0.102533	-4.925236	3.025151	0.827632	3.725780	2.105727	4.381341	8.741108	-3.887281	3.241870	0.609475	6.721042	0.866475	-1.782273	1.469694	2.573110	-4.151139	8.445872	-2.347553	5.017886	-6.516922	4.951543	-3.249307	1.811884	8.921032	0.089883	5.293517	-6.111521	2.000067	1.957966	-3.722597	-8.663210	8.107376	0.512423	-6.485136
5.467088	-2.187912	6.508983	-4.743026	1.764366	-3.529703	8.127055	3.809815	-5.060743	7.371527	4.204222	1.307322	-1.203730	4.809653	8.038504	1.065357	-0.417334	6.102912	2.693116	-7.207004	1.248857	-1.185550	0.316524	-9.418974	6.727190	6.856149	8.541059	-7.144026	-7.433084	2.491190	1.225047	2.316007	7.132368	9.728084	-7.236390	-5.021888
3.438844	0.434516	-0.715257	6.965786	8.887668	4.897975	6.464011	-9.130002	3.056220	6.253216	6.640547	-2.679929	-2.315909	-9.535004	-9.900005	8.189151	1.981611	-5.157734	8.532582	4.401611	6.883937	-6.625964	0.438962	-2.563413	-1.947499	4.041490	-7.484606	8.586993	1.919457	-5.136535	-9.045715	-7.212524	4.233884	-9.086987	-9.814495	-8.025577
0.062806	-8.362180	9.419347	-2.002210	9.598784	6.468709	6.819634	2.058686	3.095874	3.612471	0.463705	5.652202	-5.673074	-4.693049	7.182135	8.818165	-5.906382	8.849438	9.268695	6.726271	-9.487458	-3.565619	-8.530129	-6.404625	8.623348	7.910013	8.014350	3.499313	0.630508	-4.681108	-6.402419	-0.199762	2.992529	-2.828586	-0.008602	9.117241
8.169972	4.033870	8.493603	3.604312	-0.442747	-6.881864	4.053737	-4.039658	-0.498927	1.192656	5.668460	9.255720	9.618981	2.648329	-3.599341	9.167070	0.287361	3.813891	-4.921820	-7.051419	4.019698	-2.952470	8.774962	-5.147192	5.322383	3.428509	9.316966	-3.928464	9.367854	6.393230	6.497401	-0.972705	-8.800035	0.771309	2.055607	8.171871
9.061111	-0.580665	7.509313	-2.969203	-8.182498	-8.772835	-2.309472	-7.886157	8.080726	2.568278	-0.521397	8.470899	8.650019	1.045639	5.371135	9.011007	4.684214	4.614710	-3.693553	-1.736633	4.050964	5.613291	5.153823	2.736434	8.657764	1.681114	3.594852	7.813563	-3.679654	0.095246	-9.180152	-5.219037	8.454523	2.313455	-2.621653	-7.954481
5.783958	7.917642	1.041964	3.962688	0.787764	4.115777	8.721512	2.680591	7.016653	7.712782	-8.981277	-4.948055	8.777533	-6.235093	7.261400	0.498678	-9.690054	2.242412	7.829692	-2.419379	-2.159314	-1.494538	-5.085918	6.473558	4.266257	-1.275554	1.144056	9.007794	8.947282	-7.372688	-2.328434	0.167359	-1.609049	-7.214419	7.083633	7.431826
5.896668	5.277144	9.459109	1.730179	-6.732091	-5.235509	1.482110	6.211342	8.723293	8.843416	6.472383	3.005890	1.694998	3.641218	-0.770324	0.504917	5.907251	1.649505	-9.126406	-2.245910	8.518176	7.343743	1.996302	-5.175984	5.625757	-0.116193	-4.841854	1.246534	2.102571	0.271755	3.261876	-0.354163	7.521102	5.806630	9.341364	-7.285540
6.745434	-3.344708	1.543455	9.928353	3.207172	0.190063	5.457162	3.975089	6.531776	5.843742	2.182323	-0.431510	5.245899	1.537305	8.847063	9.914125	8.246857	-1.865480	1.410781	-1.497032	7.377046	-5.313514	2.731796	6.658353	-4.091868	2.419518	6.218344	-9.327298	2.654597	-3.570769	6.293040	2.873088	-8.986383	-9.965731	0.750768	-1.259741
-4.424584	2.762555	0.145699	4.437717	-2.201198	-8.127372	1.367694	2.388738	1.366022	-0.448395	8.413261	5.573788	-4.077379	-7.304252	9.555898	-4.146239	5.702670	6.873187	1.485585	-8.615701	4.245554	9.290562	9.198234	-9.604290	6.772192	4.736059	7.617644	-4.677373	6.657495	-3.118112	8.327176	0.882030	-4.004811	6.951587	-6.229610	-9.033711
7.473457	-2.541492	1.540126	0.262263	-7.609416	-5.195679	-2.186753	8.376180	3.007501	5.200796	-3.815038	8.291980	5.485055	8.863075	9.565804	7.060809	5.112695	6.883717	-5.633304	9.100988	4.663658	2.087108	6.546403	0.888449	9.182588	-3.805856	9.185862	5.266903	8.539270	-3.028683	-1.195828	-4.684721	3.948260	3.779729	2.101988	-1.626863
-0.843955	2.074288	-2.135994	-8.824609	1.055480	5.892892	4.691859	-9.330179	7.384524	1.235857	9.487671	4.717857	4.607701	0.207672	5.227599	7.985591	0.551055	-3.262346	1.171547	-4.979862	5.051530	6.372884	-1.396775	-4.825449	3.141664	3.097561	8.703062	5.402548	6.555781	-5.245381	0.841029	-5.230870	0.711834	3.694996	6.141493	7.754281
0.986891	3.000126	5.734418	8.580410	-9.044549	0.171802	-6.937452	-9.721215	-3.306152	5.105372	1.754868	-7.043819	9.043338	-8.194403	-7.160365	5.798130	1.301644	0.298278	-6.651653	-2.485718	-8.967762	1.681321	-1.072535	-5.488665	5.613672	4.659666	-4.005756	7.915395	7.053734	8.728345	-7.342705	-7.626592	-2.610683	5.398252	9.812094	-4.761997
9.782977	0.450908	-2.453400	-6.825193	1.416792	5.358513	9.276660	5.513024	5.980763	2.542276	3.146536	-4.844565	5.875974	-4.905904	4.811354	-2.771942	8.122514	1.107580	-3.164492	-0.880657	-1.055351	0.062385	9.718493	-0.411682	3.311649	0.096626	-2.172924	5.268698	0.634703	6.907736	1.579310	0.068457	0.946983	4.766544	7.690697	5.701155
4.794931	-4.671772	-0.990077	6.578626	5.721822	1.402388	-5.195216	8.630295	-6.598635	5.963034	-1.119455	8.953801	6.882269	5.353641	-8.411949	5.901469	-6.944822	4.554611	-7.685083	8.959961	1.213104	4.650797	-2.228678	2.689212	-2.570934	1.421115	-3.460018	-7.158658	-1.609474	2.392683	5.791888	2.327853	6.862482	0.636361	-2.414179	6.226225
8.925434	-5.085643	4.238357	-1.485359	8.007484	0.642588	-2.166131	3.334058	5.659799	3.513822	5.283187	-0.167300	1.893243	5.633015	-5.660233	7.193151	9.539512	4.869456	-2.620096	-0.100899	6.680663	8.693764	9.986959	0.883042	6.784679	7.116852	2.884298	6.980849	0.799877	5.272531	8.124016	8.642740	2.381140	6.247602	-7.876751	-1.702716
4.784353	4.823586	4.186279	3.242963	1.639890	1.551045	9.944454	7.910012	-8.492492	-2.465444	-0.627481	-0.228783	7.281383	0.616987	-6.948751	-2.781221	7.449832	-3.522688	2.829650	-6.063285	2.840663	-1.850889	-5.225896	9.826875	3.875086	4.250615	-8.741275	-8.859944	9.940020	5.158872	-5.445281	1.398037	8.023071	-4.204427	-4.775876	2.807750
-7.513218	8.494799	8.394375	9.469907	-2.380953	-1.957340	0.152772	-0.412489	8.983140	6.497978	6.559440	-0.901594	-3.584790	8.537948	-6.345113	0.143732	-2.286502	4.831639	4.021121	2.628999	3.274981	4.390242	2.390524	-0.833758	1.099082	7.402830	2.737865	7.966146	8.075511	8.203613	6.610564	8.065612	-7.236244	0.747592	8.841550	-2.214745
-9.056763	-1.958642	6.870617	-1.656431	7.580265	-7.845020	9.212406	8.956219	1.018693	8.331324	0.985307	7.032989	7.611838	9.823684	7.428118	2.568448	-0.304274	-6.537313	-2.330047	6.652649	1.291852	5.787779	-0.288564	2.514954	-5.215897	3.122516	-9.250434	0.488496	7.244876	5.661981	2.596815	-5.640839	-4.053754	-7.460750	-6.561839	6.816015
7.531507	-5.877010	9.822470	8.921338	0.918781	0.146841	9.395260	-5.954023	1.356572	-0.236211	6.778907	-1.688952	-7.317271	8.418361	9.966235	-0.068501	5.437890	5.760663	6.605366	-8.157752	-6.863607	8.544794	2.614999	1.488089	9.049616	-3.050316	-9.251672	2.912114	9.595321	3.133172	7.781874	0.048260	-8.548898	-0.065045	3.411572	-8.775787
0.184763	3.857741	-7.535884	6.621120	7.088408	4.566150	-1.533933	2.969471	-9.247663	9.571898	-9.960541	-5.043324	3.803983	1.109432	5.253105	8.544737	7.604705	8.447089	-3.212345	-7.969349	-6.639940	0.789290	9.414349	8.592964	8.341453	-3.049474	8.498609	3.595179	7.728302	3.243038	7.921190	5.513691	9.428552	1.454536	0.665451	9.562073
3.465994	8.079663	-4.992509	1.531157	9.101607	7.956353	1.637963	-7.505145	6.729734	4.241178	2.182004	4.514597	5.752437	-5.995582	1.706433	-6.500938	-9.625636	8.181404	5.774985	-9.830788	2.344164	-5.952123	2.698764	-5.935529	-5.383234	-2.500152	2.031139	9.280177	0.925582	3.768736	1.513724	7.903959	1.065396	3.144121	-0.280621	-6.984421
-4.279310	5.334231	-8.406052	6.006452	2.270293	2.823147	-7.198341	4.247055	7.686920	-8.503046	-7.906548	1.170925	-0.542838	8.235469	0.771429	-5.744045	2.826547	1.905842	-7.421773	5.748284	7.384680	6.392167	0.631218	2.760942	6.527934	9.656869	5.482717	4.440851	9.147623	8.122653	-3.637586	-0.421948	8.090375	-6.032072	-4.393427	-4.478548
-8.308958	-2.073740	0.973706	-9.797193	8.714270	6.520983	-6.762875	7.696107	2.252489	-7.528244	-6.627128	-7.271701	-3.900709	3.689095	8.180170	-3.631208	4.309663	-6.508891	8.092198	7.456562	3.029513	0.369398	5.208080	5.301844	7.044965	2.243396	9.523044	7.063537	8.328114	1.175848	5.016770	7.775172	-8.192378	-9.490602	6.489340	-0.392445
-6.685390	8.541472	-6.452179	-3.853321	-8.858973	9.809317	1.032595	7.239928	0.839786	3.773289	8.225458	1.017871	5.201276	-8.934710	6.982631	-5.972381	9.973515	-9.329139	4.315078	9.037733	2.343848	-1.355545	9.565771	3.058619	2.268091	8.001392	5.685313	8.198748	-6.441107	6.302927	-1.312039	0.373102	2.114664	-0.283323	-7.137588	-3.801090
1.076642	7.011353	9.241937	7.901897	1.019310	-5.239327	4.618435	-3.236466	-1.242922	8.639416	7.377979	6.954845	-2.392403	-5.043813	7.703167	-7.444726	5.541968	-6.984314	-4.875794	-2.452303	4.956112	1.339464	0.351761	8.702626	8.588216	7.435068	4.598113	-7.157193	-6.038783	-5.037157	6.486453	1.359974	4.471976	-8.827799	0.855930	-0.706549
3.143135	2.481106	1.562985	-1.153806	2.149504	-7.336384	9.408515	-6.805143	8.470642	2.377305	-3.193134	1.943525	8.357414	-8.596921	8.741298	7.820823	5.150899	1.875084	9.118679	5.962659	6.698733	9.268574	0.221874	-2.110604	4.355942	9.044018	5.530266	-4.819990	6.509111	9.520170	-7.063125	0.552186	7.869167	5.045571	-8.962287	-3.347838
5.578278	-2.845244	9.192521	-9.801020	-9.620415	-4.904271	-6.870798	-6.832160	0.367533	6.491703	-4.231801	-5.582242	0.786687	-3.280718	1.609292	-4.011495	9.622610	1.989764	4.925147	4.703285	-4.885640	3.382115	-5.950641	3.343440	5.826473	-8.117022	1.610470	4.280742	0.450140	5.458943	1.656462	8.252043	7.362130	-5.496134	5.801234	5.757600
7.960567	8.572690	1.961252	8.230919	6.155260	-0.222468	8.729094	4.488264	3.320975	7.822941	0.311700	6.628933	-4.533976	-0.809936	7.884280	7.832420	0.889319	1.336334	-7.375306	2.531530	4.672242	5.666717	6.274929	0.668610	3.504647	9.388717	2.300605	-3.215087	-7.867991	4.612643	4.402045	1.858106	3.689000	4.398961	-8.567621	5.037733
-2.640660	4.970202	-4.907411	3.303026	7.832666	-7.542177	5.605494	4.181703	-3.809405	7.845335	5.591146	9.693403	2.292075	7.725089	-0.768136	-4.223122	2.926393	0.706091	9.107588	-6.669858	5.533698	3.991051	8.342221	4.919067	-7.283128	5.610578	8.226421	2.785316	-2.338755	5.420179	9.108343	5.712388	-3.775394	5.774230	5.184339	1.174714
3.235833	5.605142	1.679746	8.106025	8.797920	3.943977	3.444617	-5.079490	3.345677	4.159151	1.497168	-3.093988	-9.637033	1.607141	1.221724	2.167717	-8.298000	7.793156	1.057023	-3.099734	-0.132059	5.749629	9.509049	0.784624	-9.408028	-0.628169	-1.786932	2.207915	7.277869	7.034950	4.163925	1.705884	4.474336	9.929572	0.051367	3.726321
9.535490	7.246448	2.948990	6.490987	-2.973128	1.707059	3.164610	-0.124920	5.498792	1.963826	-5.396336	2.990190	3.671225	-2.960275	-2.102093	7.012026	-6.826804	4.075072	-7.044671	-4.789561	7.354334	6.109914	1.928225	-9.867510	5.586789	2.200239	1.093489	-9.228323	6.062537	-8.680873	4.892812	9.603424	6.956731	2.767779	0.915858	2.934818
-1.534999	9.941710	0.782824	0.507064	-7.200971	2.681114	7.266598	9.445640	8.084481	-8.296898	-0.545381	1.584289	-7.553230	8.586598	5.509110	5.240640	-7.443070	-1.118969	8.515090	9.605361	0.710850	-6.047652	-1.855607	3.288326	3.837344	-4.740286	1.878121	-9.105647	1.656569	4.787511	4.565905	1.795358	5.257776	8.842750	9.380254	1.052821
2.073213	-1.928356	-7.372754	5.134216	-0.177230	8.831787	0.830527	7.704546	1.296204	-1.171394	9.190956	8.728380	-6.440705	-4.302479	0.759580	6.189726	0.152308	9.474511	-7.516764	-4.848247	-9.286806	3.744182	9.756276	7.396080	0.754571	-1.335065	-3.927113	6.657365	-7.064450	-7.529371	-1.621301	-9.680692	-8.956405	-1.619119	9.838894	8.290989
4.769878	5.336434	9.636003	8.582152	0.306301	8.338569	0.280409	4.091369	5.642830	-2.808410	-7.042516	3.946629	8.582159	4.208008	3.954151	5.210172	8.320516	7.794092	1.360861	-4.529466	-1.914713	7.557510	0.425856	-1.461891	0.047588	1.298125	-5.524117	7.042419	8.726567	6.579582	0.953144	5.416636	-3.773289	4.626572	7.087539	1.628228

Risultato locale:
Matrice loc_C di dimensione 36 x 36:
239.123453	53.847683	-97.030630	78.908848	267.201829	123.607837	287.210190	254.962269	216.037374	207.947962	175.621235	92.818118	44.145615	171.032864	-231.273248	-151.707452	-238.172014	84.387151	25.860418	-179.441614	274.693382	-13.087576	68.249835	126.387006	-86.179584	26.368495	-218.297453	180.293429	-2.088287	-211.368799	153.632294	75.047429	-26.806908	19.389575	269.228982	51.001360
132.297491	135.895246	-20.189748	110.954964	-15.094452	221.402946	-15.947617	-139.387575	131.198971	-46.673110	149.539307	-169.312753	-266.792561	110.317613	96.983457	166.298732	391.626318	120.107071	209.429194	-78.262681	174.683918	272.482615	351.128779	43.114391	222.702062	283.113627	204.250697	156.716069	-0.566137	315.352805	84.044926	263.469683	207.947418	307.621676	-287.161057	-334.322530
165.203463	43.272224	100.265710	371.430991	311.753161	134.732832	140.728214	3.865225	179.425396	355.513901	59.156062	199.593887	241.185652	68.496333	161.503620	281.231914	122.925065	300.407981	-80.533555	34.139690	187.214214	98.009402	184.327317	-230.928952	176.309753	424.885909	266.663341	166.545812	198.034552	302.857219	152.029990	117.171281	59.441338	175.004381	-338.480580	-30.662532
21.693562	314.888955	-32.877165	522.962855	355.185889	156.282894	568.485447	234.741600	214.639220	175.839172	324.673513	132.820175	14.524461	93.080028	141.726078	164.420680	24.224923	203.905784	42.262234	-270.713236	89.302750	107.077517	361.946139	131.350015	213.931781	482.105566	32.408925	84.139524	314.989402	279.727839	217.321474	-65.107845	-78.541197	191.360958	-35.364772	57.026014
84.063174	189.849744	14.291181	-134.516443	104.112647	51.883036	241.251134	122.034991	59.086256	194.804364	-188.619501	-46.906489	428.819452	-167.981716	299.771057	212.260711	200.387425	283.718267	509.488134	-108.655515	-14.763584	-207.156319	221.318114	-67.663542	278.080637	334.269373	637.497219	262.717898	201.128211	425.133370	-124.980746	204.886974	79.844549	320.733194	-229.338778	146.614770
179.831697	162.176601	362.618846	224.500029	-239.741647	-314.758529	-181.236365	-84.004307	-141.438659	-11.474621	121.860972	215.540983	-93.077536	69.798632	-261.817145	10.650485	180.746228	102.682593	-272.798464	-168.426132	108.024090	254.236408	66.661168	54.606775	279.974862	-92.921335	-104.813573	-207.978628	75.351487	48.248168	350.849029	267.625180	-45.967844	133.244847	246.174125	-108.421704
548.214100	30.084557	520.860071	296.568582	-21.807199	-410.283643	401.441376	-29.484442	193.611487	425.345165	327.000605	372.969506	21.280793	230.850242	109.917125	370.057933	268.643060	395.611752	-100.214866	-216.505305	398.734776	169.809867	223.315299	-119.864122	557.647242	218.848032	219.476344	-152.348387	191.977238	97.045164	364.257999	98.819167	286.780759	386.744518	46.159480	-142.860225
118.954153	411.639433	53.750345	120.886956	240.284709	161.284616	383.120201	75.051104	397.118983	194.322488	200.165366	284.104836	491.823935	-83.972042	-21.625573	483.881887	114.858566	36.342705	195.569416	169.422763	361.417342	168.726381	355.107171	-167.153691	203.109861	709.233374	253.382531	213.853873	295.607946	611.363605	-109.403886	0.387736	223.582562	234.049419	-254.938782	153.725733
-129.254886	14.095255	32.837167	101.765862	-199.425733	67.599747	-123.148646	-48.560321	438.223217	13.563636	13.473016	-145.360185	16.746457	127.323537	266.233072	124.214528	281.656016	195.668697	119.706641	37.596297	74.997182	339.571239	143.356149	-31.984362	360.056508	44.522692	43.319727	454.413165	395.894381	147.750610	66.069029	-30.911657	-75.948321	117.904656	361.476551	-383.609250
88.019172	26.362182	-204.062906	92.128917	470.978883	-16.731045	219.897645	16.070077	77.575830	300.814822	20.357487	73.946070	-53.771610	-408.748835	311.082996	-3.091771	294.480015	18.495288	42.605404	-83.789249	207.342950	25.669473	349.308832	129.781430	-25.892777	343.113401	187.756803	52.521674	-316.768167	7.136688	-20.919720	82.941578	160.747701	-128.845735	-417.751341	-87.971962
360.449664	15.539433	-18.270517	37.876040	146.827430	438.539626	72.238454	-97.782864	79.334860	247.980707	173.150374	-203.622139	186.991994	-259.621346	-204.361772	516.325379	36.274672	115.380875	-49.628317	76.290723	-192.290356	-116.736700	137.615176	59.851495	-8.525297	132.401523	1.684827	232.576196	-77.180980	231.653737	-163.753533	-1.473457	-28.528082	-106.384844	20.547392	285.652842
393.632674	72.987586	112.212364	228.568663	395.070568	95.104092	296.000782	-32.542243	485.367365	270.249760	80.030212	238.577862	55.298488	273.794006	210.590342	569.477053	-59.064840	459.861258	-4.599995	2.788707	369.190538	123.208244	370.397698	-59.903012	216.990608	224.047000	529.312229	241.309657	515.447803	8.197965	168.848002	81.629777	115.663345	172.856727	242.996942	148.874358
-5.764129	304.741896	279.353469	32.654781	-118.045445	68.473229	173.803510	112.660884	175.445219	96.118476	79.103182	119.468202	296.214183	184.630844	284.783717	-36.360493	118.714096	123.568509	122.712023	-141.987500	115.921664	178.696870	145.616865	175.039136	502.611208	32.983846	150.127220	177.340426	473.594891	241.076667	467.141585	285.489199	-128.554292	124.719614	168.399967	90.567378
43.117522	-59.026729	104.074418	420.155311	-148.976349	-111.585920	106.229362	396.077736	102.698504	84.200162	9.985519	199.767827	-126.721615	274.282413	96.429087	139.255275	27.130248	311.625212	76.685803	118.660510	-130.186280	80.230742	-74.318056	248.638309	254.820714	45.180079	29.604984	-74.916385	129.141928	-152.284107	87.051810	-14.958858	-49.667225	-184.148138	191.922412	41.674955
-55.688822	328.435645	32.051587	-62.395834	-418.815719	-58.766802	123.242199	-61.291317	170.546621	401.068334	145.361124	89.755123	142.729386	-374.386263	48.130757	-133.782972	-83.551454	-142.087635	2.013489	310.434235	155.776912	-114.745463	-153.316470	100.551370	92.616607	86.646641	8.686708	277.227963	-231.897485	1.316105	-258.539891	-169.861474	228.270940	143.715566	137.111322	-99.150726
77.984336	117.042257	-15.071024	96.533998	-125.381753	223.601794	186.657477	55.340939	344.675922	246.721688	-38.461686	68.626190	-62.563559	-55.911468	567.270555	216.655467	245.548655	325.664039	62.646845	94.167677	27.103241	107.517630	155.407966	-172.423784	338.277162	80.147430	338.848535	381.216683	157.605008	75.276160	163.184226	78.355457	81.951748	378.090208	233.869818	15.475368
414.851902	51.453592	460.974642	444.092612	134.526425	-417.060639	405.792485	56.379554	69.493350	506.517954	290.783452	383.312276	231.592772	-15.641756	192.117674	305.249261	1.255710	387.042821	-185.933248	-426.151089	52.530772	180.204371	429.654873	-47.897801	281.497519	290.556462	153.869637	-140.813328	141.839549	50.192975	343.218246	37.001475	-263.343922	232.046849	82.300560	126.935421
241.172866	-248.430425	412.828666	-116.070839	-53.146566	-173.469666	-88.679915	158.864807	-110.003257	-240.922321	-89.668020	194.299000	13.163076	568.221261	-152.875078	147.747708	209.821129	146.047624	-116.111896	88.086988	95.950204	163.335165	39.114286	287.563414	224.745222	-40.085215	-103.025596	-173.827858	11.028869	263.295911	199.467847	174.771891	2.068531	79.708704	39.394590	117.316855
647.498587	207.544318	289.866718	285.039494	56.396458	-8.245965	192.575309	-384.645286	124.409940	278.206851	-270.637602	6.781599	17.804869	-214.628531	273.168604	326.729024	255.711301	158.408771	-236.474926	-133.291893	215.083278	55.926607	48.892143	284.230830	378.871200	-38.412591	156.725130	-47.478721	107.500650	-68.143922	103.061532	261.101668	480.050228	-107.609478	-182.569463	78.444460
156.815384	12.889925	466.570089	118.647657	187.293209	5.006212	219.101525	-4.034801	-14.030780	183.077050	120.563209	-8.266045	-54.057776	-6.535848	-87.927254	-31.678850	47.493816	-17.380977	283.263787	193.926480	183.364856	-148.019839	-93.755614	-63.383030	282.421260	418.911545	53.930556	38.967281	-49.619895	366.716830	111.147320	267.062931	28.885755	138.992138	-250.755262	-184.256393
142.345910	425.288432	117.666617	272.246103	-23.590786	-6.459018	258.104294	-148.853680	427.604474	119.366531	69.460337	75.861249	96.168381	97.891189	659.721182	-109.946535	439.459005	50.168838	73.079020	-299.068366	531.232612	221.608396	474.226832	128.011459	403.247968	309.062729	437.983931	212.204430	153.629324	240.104853	432.137179	257.246074	-12.198485	378.639046	118.472131	-454.120822
367.966138	404.184172	432.273810	562.782509	19.095484	-324.902085	430.283443	-80.061152	314.950404	489.812594	224.164306	537.756345	337.200498	24.177312	255.261415	308.365469	-3.443300	252.293384	61.447392	-111.676485	549.471076	239.299309	122.953252	-171.206771	7.692057	333.572351	191.431579	-231.610266	287.362360	187.714646	228.051868	130.543357	201.074489	378.364602	-159.055965	-235.020223
153.243688	166.872827	308.591535	96.820930	235.181082	194.424314	260.019661	-216.472001	463.160438	95.127111	251.265212	-14.484123	267.238198	-157.752208	16.053241	167.482168	-94.138254	179.550783	117.685627	-283.427615	55.858236	136.390832	15.616762	-158.321356	256.415721	252.090917	-8.015603	256.833716	470.888820	188.485788	31.035431	-29.965359	-142.458668	21.876986	387.670195	67.434284
-170.644146	283.218140	-140.755017	370.556191	258.444564	196.942876	-131.275472	414.550168	69.850002	-3.715067	108.152318	363.864207	174.420160	254.702857	-114.198134	152.435376	19.378181	15.254652	21.955922	13.821194	252.904465	109.919016	459.672413	-40.458998	-104.637268	251.009743	158.724378	28.984694	322.448582	173.718653	365.658365	147.782613	-191.418286	-52.928123	-49.251760	132.967527
76.638499	-321.089426	-188.214651	252.450243	235.904694	96.980210	21.918023	-136.794241	-216.753252	-69.244024	317.166561	40.207836	-201.832482	-321.221001	-349.360542	-176.456035	58.589075	29.706294	-271.757945	-319.293630	-18.754024	-237.104786	19.396714	-210.289270	2.649394	155.255542	-205.538577	-77.013928	-362.554314	-347.364454	-4.260535	-237.800444	-109.169992	13.644643	-171.819000	-208.121726
-59.629340	-272.445625	284.018484	82.444829	-11.085363	-185.029084	-107.269683	-68.339441	261.539674	98.021848	-106.464383	102.514233	247.252930	214.656076	43.083620	146.579177	-181.070712	128.487541	-28.167513	23.551051	33.310716	25.601950	-274.624735	-181.447212	16.942345	135.454962	-66.842417	143.296447	-89.948013	-54.549693	-101.015168	-45.295222	-128.005983	137.158629	89.486590	-330.609520
-195.745601	6.890079	-3.422818	99.105788	114.912897	-127.082653	92.456644	426.298522	-97.663731	35.564494	108.585307	1.523783	258.885089	309.997057	-148.011069	-179.784821	397.710604	-325.017798	9.513204	160.466733	257.978194	31.159959	264.563486	107.518526	-42.477287	284.991232	-159.067922	-75.564156	43.721494	356.543590	245.519627	81.460384	-297.762919	-237.426191	-305.745467	-82.458184
281.224246	-267.778749	-61.499184	95.574313	153.245135	160.313530	109.937968	302.901950	-41.971879	-48.426239	-14.624673	416.070222	123.985584	16.588610	256.820788	-159.853181	310.974816	-4.344185	-305.825572	196.821531	-40.462591	135.829001	21.765339	454.194893	-70.319563	164.704128	-192.329919	-108.463776	-321.824789	-15.545823	-160.251027	1.737789	103.897030	-408.922204	-319.183321	113.912266
62.674051	416.569855	-60.138366	124.910109	-55.437880	22.866029	424.866564	-174.896610	83.856424	80.960417	128.619585	-87.080247	263.373234	-185.270071	207.102038	-149.876747	-174.611334	-49.352929	232.844974	-224.010740	41.821195	-47.525821	-0.504801	-157.059146	202.313152	148.568120	136.308468	-233.141498	435.330513	338.301629	182.309698	63.160734	29.795240	51.025178	22.781175	91.752328
-82.821522	41.907681	-69.008882	27.225785	236.869271	325.208693	195.077707	576.287155	306.743873	-28.077725	328.807556	268.992709	36.333794	292.013783	71.263729	74.748827	103.884352	121.545149	-41.351480	254.481943	243.647935	252.559950	265.833785	-67.227904	225.893369	433.203780	126.393724	40.392594	220.228234	317.851330	245.901335	171.658085	-10.059066	232.643717	113.958989	6.456936
355.744326	74.114054	210.527474	141.403173	298.494432	254.881278	289.142200	81.068332	7.732974	372.082130	-64.778446	157.093730	141.401477	-39.821271	322.988813	490.627282	-37.044689	524.104906	18.795530	112.363283	-216.579395	206.212067	68.893147	18.942705	300.563582	102.821646	276.339741	-7.387283	495.499440	327.003232	139.060527	178.942717	309.869817	83.824989	-85.648019	609.926371
166.854317	-187.857569	94.784320	-24.574243	42.306459	-133.659035	395.408484	-147.540102	320.715346	90.104250	-174.528761	14.582593	-33.221265	62.962336	428.113024	412.315279	22.236473	183.849952	313.485778	82.460798	111.843010	90.443556	-291.465241	59.409620	225.146040	-76.479009	38.125973	13.206179	224.176993	-257.667276	-102.442526	-59.235042	78.195053	-33.607804	-215.618724	-37.938810
235.298559	83.052137	285.241853	-239.133870	-89.400671	116.489223	347.170028	-34.035465	255.797165	163.867938	130.860986	127.003568	205.311372	-176.288265	292.949715	252.259202	-65.514374	103.868455	86.679273	220.798884	72.102359	175.152439	11.076261	-413.945369	267.231372	74.454093	89.197908	109.841471	256.374634	136.582629	106.830392	110.287767	-164.129533	151.033736	102.109412	168.483458
-33.192630	154.744698	383.382681	206.031663	-43.169734	-239.679968	213.363574	224.761932	-27.317576	355.344900	388.547947	468.248567	426.598524	317.737861	152.250273	461.356688	-8.753713	148.362882	-67.636307	-339.034582	28.073857	357.317223	297.582606	-92.077533	382.300852	319.624373	227.520500	-174.672935	435.200313	62.276738	182.234359	-119.457410	21.617484	166.897654	171.064553	93.418756
65.935423	321.459094	189.409832	111.135311	-130.430380	149.286373	-1.055515	46.031666	371.423915	116.996075	276.425919	59.640762	42.067423	81.241746	161.899377	-51.796192	342.457707	58.356413	67.107518	-104.080955	140.757281	307.703708	384.467700	51.681361	92.812669	-48.413635	-46.686138	274.400936	484.102551	187.424364	189.369755	191.790758	149.271212	-90.095889	230.814216	-150.523008
-266.523190	335.007657	-428.048021	-376.573109	158.539904	32.022383	145.435071	191.767654	293.554756	119.308034	63.985278	15.238591	202.501746	-40.613050	176.085473	-71.638742	-109.935357	-21.360002	339.242868	-285.253760	169.712102	189.081050	411.410579	-21.260125	-111.505734	154.135114	312.229770	206.929140	-54.606530	84.602752	87.103533	165.943267	180.405844	188.294936	-79.446798	124.032534
