
Matrice A di dimensione 36 x 36:
9.962160	-6.161768	-6.993814	2.624809	-8.584120	2.725637	-7.612848	-9.571463	6.110350	2.130270	-0.346729	4.421894	8.306995	-6.042021	4.012351	6.957952	1.863115	-4.029270	-7.391128	-7.715460	-9.510367	3.163464	7.928944	8.342082	3.334984	0.744062	-6.854818	9.451445	-0.999708	5.785269	-1.523972	6.534094	9.359996	0.780965	1.103715	-7.371580	
5.947502	2.112826	4.752059	2.774502	2.829773	4.316616	1.111856	8.374947	5.262874	9.826617	-3.663316	-2.076783	5.875417	7.323089	2.353375	7.382356	2.836887	0.417333	5.980372	7.269505	5.704391	-8.056974	8.225597	-1.974533	-4.417811	5.051441	-6.516620	5.588075	-1.824870	9.701651	2.184993	5.660085	4.076893	8.200628	8.543164	6.100556	
-8.185868	8.589310	1.466976	-2.780070	-1.665284	1.212305	-9.979071	-4.736678	-9.650543	-8.171573	-5.785246	1.241531	0.555530	-1.781370	-1.991539	1.692756	-5.421195	-7.723598	-5.485288	5.961322	-6.525170	4.874679	-8.968076	8.976742	6.766311	-4.625081	-6.978510	-6.562674	5.094260	4.027636	-9.580717	9.305562	-6.881417	2.931278	0.627044	-7.968998	
-5.191820	7.046018	5.521182	6.940232	1.165122	-1.796934	9.303250	2.551116	-0.916981	4.974091	4.164694	-1.811530	-0.828375	8.114425	-6.331178	7.874267	-9.597809	5.701216	0.637491	5.919143	5.797404	1.443380	1.148387	-5.328506	-2.553111	-1.742073	0.237715	-0.948866	8.537687	8.911195	1.524390	2.479346	4.148719	3.509210	-0.610137	3.814377	
2.936527	6.221016	-4.255281	6.313369	-4.128618	2.769529	-1.220698	7.861125	5.953974	1.184624	-3.641628	-6.144834	-7.011507	-3.907346	-2.236012	-7.238643	-8.604807	1.271031	0.467149	4.262777	9.793746	1.074554	2.604409	5.922947	-1.186767	9.496166	5.347854	9.902495	-4.508924	-5.261876	4.677659	-6.521293	-9.740938	-6.543609	0.933927	8.289340	
4.581137	4.743059	6.824856	-2.786258	0.737953	4.269631	9.238437	1.795251	2.592395	3.194786	2.890870	-9.173543	3.147171	9.676557	5.056711	5.138057	-1.282949	0.047900	4.760057	6.266929	-5.584022	2.005507	-5.746647	-1.509187	8.535665	5.248922	8.420220	7.933098	-5.361966	-1.771536	3.282147	2.005597	9.980499	3.573615	1.500981	-0.127395	
0.218826	2.309922	8.187959	7.235423	8.911459	9.905215	8.003455	-7.817705	-6.461293	-4.690555	8.433249	7.932637	1.654895	4.437670	0.563171	-0.996338	3.494968	8.656810	-1.321977	-1.322743	6.583327	3.557548	8.814294	-8.677759	8.399146	-8.524687	4.589349	2.297931	-5.852004	6.165965	0.969197	6.602026	9.584351	6.706155	6.014013	3.654936	
-9.864734	4.392674	1.311897	5.548590	9.855280	1.666271	-0.604007	8.190821	4.670087	9.997097	-5.645779	-8.181497	-0.610866	-4.655450	2.529507	7.809827	1.167426	-1.214324	6.553917	8.663621	4.665599	3.445163	-7.175932	1.436964	1.383283	-7.356719	7.343068	6.363292	9.490590	-4.505845	-8.695638	4.930059	0.380994	8.092487	4.468726	-8.300143	
9.768027	0.568869	-1.964081	2.800080	1.809107	-8.960090	9.797287	-0.006998	-2.247317	-1.278719	6.615671	-3.858676	-9.895468	-2.310625	-2.971078	6.689990	-1.204151	3.635725	-6.564328	-1.380579	0.073011	1.467744	7.121560	1.418407	-3.553630	9.122741	2.822735	3.465684	3.598742	3.425377	-4.944140	0.037935	3.074304	8.769579	2.241230	-1.479985	
7.717988	9.835976	3.423453	-9.044663	-7.480182	-8.905748	1.710907	4.214724	1.350502	5.345106	0.999504	8.251200	-4.451215	-1.953685	8.134596	-3.198092	6.152134	-4.470652	7.411423	0.189269	7.418258	-1.290094	-0.782654	-0.892115	3.354279	1.175460	0.565444	8.293994	-3.114752	9.920895	6.236763	-8.777859	7.221990	7.009653	3.266039	-1.472429	
4.873095	2.444403	8.702849	7.043531	5.519166	2.171871	-2.242383	9.141560	2.577721	-1.486444	1.762610	2.211100	5.244403	-7.026037	9.315504	3.697708	-6.307900	6.448965	3.350755	4.036621	7.322660	7.480769	6.503184	2.118739	-0.230082	6.988989	-5.610550	8.866042	-6.124595	-4.160832	-0.068690	0.471555	0.450886	9.106307	7.012531	-3.790954	
7.856004	0.443027	9.704557	-9.968631	9.536407	1.034828	-7.438899	4.895910	5.233017	-6.161136	-4.922564	6.357778	5.460097	2.272761	9.558010	4.089695	-3.653336	0.075002	8.014550	1.307448	8.078773	5.019513	3.458189	2.935715	-5.508505	3.016030	8.374565	-0.534606	6.073200	5.981176	7.896638	9.010469	-3.575876	2.934289	3.249759	4.182237	
-5.844755	0.930405	-2.366168	1.092481	-0.800180	0.849575	1.834130	-5.857524	5.351843	7.529165	1.208673	4.385927	1.442276	0.919145	9.754572	-3.258667	4.517571	6.712969	-5.928401	6.482194	6.755441	-6.446991	6.141300	0.916604	3.862618	2.361639	6.398867	9.327566	6.266239	4.642296	2.343417	9.726636	-8.632871	6.012947	-7.533564	2.564800	
2.606344	4.256884	-6.663937	4.112627	1.119060	-0.980629	6.921084	9.719405	2.882357	9.861662	9.965673	-1.322003	3.324078	1.385810	2.628678	-1.276619	2.001546	-2.429212	9.358819	-3.961787	9.841567	9.269703	-0.573425	-8.211155	2.411107	6.042333	-8.141579	-1.923282	0.985610	0.094213	9.265727	6.457612	9.575965	2.915448	-6.445505	8.774384	
3.074518	6.524613	8.064637	7.613593	2.433835	1.465903	5.356110	5.992704	-0.540736	-5.393450	-5.067245	4.318953	2.245182	2.874234	4.355559	-1.538393	7.432319	-6.136050	-4.103738	0.721877	0.918474	-8.395103	4.486518	-2.691580	8.108242	-3.734228	8.744667	9.694429	-0.256550	0.592563	4.383394	2.274400	-2.728493	-8.274731	-6.465972	9.465576	
5.856685	-4.643421	9.977863	7.810453	6.719498	-9.591350	-9.879368	-3.567228	-2.823924	8.849384	7.978646	0.313889	8.974386	2.083321	5.939381	-9.907275	4.243016	4.491250	4.869542	-8.715077	5.344953	-4.656221	-0.002525	7.861730	-6.717788	2.115271	3.883693	-2.888460	-6.216461	6.783971	-1.257428	-6.984617	9.446602	-2.231856	8.914515	-8.319805	
3.846484	6.910356	1.086077	7.737941	3.477543	1.198622	3.333577	-4.103071	0.913586	6.764582	8.074319	-4.013717	-5.195850	5.722278	-9.921572	8.660503	0.579479	7.626404	-4.383258	-9.624292	-1.957587	9.915648	-2.299278	9.801960	4.538127	5.111184	9.740810	6.844937	7.316472	-5.156069	5.089666	2.949684	3.225918	-0.622457	3.133325	-4.972537	
7.713779	3.078188	6.268948	-9.021448	-5.817107	3.208114	-0.089465	1.185013	1.033159	3.866562	-7.492032	7.057072	-1.047172	8.124753	6.971295	5.216554	-9.281780	3.560219	3.325396	1.659356	7.512080	-0.931986	4.639517	3.972645	2.065100	3.311185	-5.006432	-7.169358	-8.102644	-1.373138	-3.959655	2.664892	3.693692	8.420695	5.291777	-4.676348	
1.868830	-2.619728	6.582632	-5.817632	-3.915477	3.479096	-4.876597	9.943487	2.087792	-1.632979	7.985215	5.054948	9.624329	0.027158	4.481116	5.580022	5.850375	-8.395268	7.612073	-1.386735	-1.674996	2.806233	-6.728571	-4.778315	2.302521	8.556502	-4.840397	8.244723	6.353404	-7.841366	5.098971	2.128146	-7.999244	-8.593755	1.108910	8.242466	
4.329422	8.273683	-0.254337	4.890056	2.868322	7.865835	9.634485	-2.016121	-0.274796	9.994968	3.612197	1.122965	-3.257343	-0.926466	-6.400113	-2.014075	2.981016	6.707035	0.913795	-4.687477	3.669985	9.109320	1.256466	8.211847	-7.979015	-1.000064	-1.410478	6.854061	-0.304221	-5.683897	-7.754520	-6.903024	1.563693	2.386207	7.894820	5.503340	
1.605109	-6.771966	-6.437323	8.425955	5.979901	-2.906285	5.850915	1.182799	7.956911	3.678780	0.483864	5.398309	9.551651	3.917035	3.209796	0.049143	-8.582084	4.300207	6.535787	-0.216199	1.951491	-1.932801	-2.289684	-2.446918	-2.906968	-4.785105	8.967190	-9.700021	2.831109	4.907677	9.195711	-8.020762	0.314614	0.630437	-4.497705	6.304326	
0.885948	-1.070508	9.968406	9.299409	-0.552755	1.833504	7.618183	9.722597	-9.324770	8.334731	3.823551	1.093120	1.318281	2.590060	7.515411	0.478556	1.878329	-1.366392	8.636580	8.281319	3.917435	5.277652	-5.766103	8.672249	0.128492	3.575713	9.111414	-5.102601	6.622087	-4.069139	2.739592	6.910507	7.288923	0.568901	0.555060	-0.363727	
2.625549	-8.450641	-1.122173	7.066107	-4.839602	-7.926380	7.574440	0.526427	9.565312	4.139965	8.972360	6.346859	5.828789	-7.529931	4.039273	1.879629	4.643495	-1.384581	3.954461	-9.683671	1.426205	1.013143	-5.033307	9.428781	7.657447	1.331230	6.596403	3.134151	4.659060	4.225851	9.964518	-9.202043	7.971636	-3.070973	5.295457	-7.314190	
6.406761	0.852650	5.241735	-7.854027	4.836416	0.042719	1.071239	1.283077	2.889494	4.476754	1.669360	4.210211	7.708179	-7.693698	7.457715	6.286659	-0.279116	4.402377	2.682111	7.207884	-8.567670	-7.615790	-2.153793	5.776766	9.906672	-9.409960	1.456823	-9.021262	5.887409	-9.770768	-3.834122	3.642155	6.058112	-3.287894	4.516991	-6.477986	
4.084212	6.854159	1.576687	-7.075526	-6.757187	4.430563	3.406736	3.650323	-7.227266	-6.295275	7.410497	-4.431284	5.450808	6.984248	1.072953	9.205814	-5.674988	-8.818854	6.243776	-2.268605	-7.356041	0.928622	-2.476268	9.197545	3.403683	-0.870277	3.619413	9.992564	7.618270	1.070716	6.371906	4.932488	6.286535	-4.500446	2.078689	5.571565	
8.585457	-8.169390	3.879367	1.846103	1.701526	5.486644	-3.115322	2.190599	9.642820	-7.269969	6.113653	-4.401525	1.810183	-1.501005	-5.488241	3.865900	-4.394167	-6.779783	4.499478	-9.390747	-0.874385	-9.997211	3.752192	8.465976	5.739532	4.824492	-0.152179	-1.112132	-5.284521	-3.137505	-4.978809	-9.725596	-8.802212	4.961062	9.603583	-2.202058	
7.777918	-7.494845	8.496086	6.171822	-3.920720	9.354892	9.896792	-8.877238	8.850288	-2.407694	-4.789910	4.873355	-6.261174	2.024535	-3.389300	4.467069	2.823829	5.706364	7.206241	-2.045053	4.242040	5.686537	8.207928	-5.850929	7.652237	2.038767	5.485385	1.257277	5.114710	1.063844	-0.910431	-9.232496	0.534027	-0.168515	-5.169417	3.783348	
-1.928803	5.222747	0.246110	0.050572	9.989975	4.368450	3.268790	4.936816	0.949162	3.544229	1.690014	-2.212359	3.456895	-4.356545	-9.973425	5.571958	1.600964	6.284575	8.371197	9.709416	-1.877164	-1.087402	-0.365739	9.714889	1.418942	3.305937	1.843644	4.507298	-3.440053	5.090162	-0.756927	-8.027508	5.485217	7.429006	2.577770	3.856005	
1.775945	-2.901173	3.142146	2.951058	2.676320	-5.945766	1.799439	-3.318476	3.736396	8.446006	-0.073788	-5.398960	8.922518	-9.099181	0.091121	4.327324	2.630808	-2.949199	2.703443	-5.238761	-9.830160	1.757489	-0.714767	2.424471	8.652631	2.060034	-8.561401	8.989007	0.649307	8.052082	3.637048	-9.983092	-3.433600	-5.347660	4.546074	8.627587	
9.903067	-6.378755	-6.453463	0.625130	-4.431934	-4.107528	6.303610	5.632172	3.250586	-1.850883	7.537271	7.199204	-1.408763	1.502291	-9.408691	4.819687	-5.551344	-3.008807	1.500982	6.541895	-5.794798	-7.402719	-2.229992	-3.688943	-0.852979	-7.300994	4.170986	7.778858	-8.515310	1.866552	-6.796683	5.267397	-1.357052	-3.528195	0.458561	2.099646	
-7.044542	8.964336	4.094483	6.388344	-6.545770	-7.050582	0.481753	6.230439	-2.319499	9.599860	-5.729820	9.347252	1.796424	3.068433	3.771194	4.700692	4.876385	1.047666	-6.527438	-3.474349	1.187882	2.668209	-5.097557	2.921795	1.399550	5.109858	4.088971	4.783591	-1.033781	3.546360	-5.107826	9.537038	2.011410	9.048022	3.356449	6.984632	
8.178651	-0.351964	-1.270583	7.931078	-9.301188	6.742032	8.514038	-6.242985	-9.485021	6.394755	6.325908	-8.672632	6.509152	-4.834804	-2.842378	5.613170	-5.440193	7.016302	9.231895	-2.474873	8.670234	2.909248	-1.131407	3.518806	0.639690	3.187555	-4.216081	2.462853	1.094992	-0.979644	-0.678246	4.481263	6.279059	-9.844587	3.694899	0.604886	
8.545852	4.733103	7.465387	9.973269	3.925541	5.074826	7.236454	1.564002	0.070936	-1.996413	5.549794	3.264599	4.964823	1.487124	8.130127	3.424998	2.905514	5.798266	1.714297	4.902337	-5.444444	7.909420	-8.209606	4.221173	8.360784	3.115171	5.757707	-5.497019	0.783151	5.926293	7.072557	1.391060	-7.410147	6.900287	1.148008	0.236927	
8.203386	9.664070	0.469107	-3.708355	7.973137	-5.266435	2.852634	5.494691	-5.990820	-6.622139	1.111364	7.316331	-3.905359	-8.696653	0.709952	2.491907	7.009269	-0.204450	-0.206035	4.730222	1.648078	6.856445	-9.435370	-6.717464	8.520094	8.893642	6.350648	3.516013	-8.592059	3.950154	-1.982739	-5.122402	0.491101	0.700536	6.779639	5.280576	
1.685818	8.568387	3.225661	-6.507183	9.449773	2.582613	1.018387	1.084897	9.887202	3.582939	7.502733	4.444995	-3.758110	0.925403	5.519955	1.887983	3.937992	-6.828844	8.204332	7.015837	8.180148	8.889022	6.539496	7.612658	5.852825	7.038918	1.985102	4.029454	-9.997245	-7.407376	4.063866	1.364662	2.674731	-4.733053	6.084573	-0.759432	
4.919030	-6.858317	8.777588	1.701903	-8.678954	7.481478	-6.346993	-7.964636	7.858415	-3.868270	3.529777	1.110259	-1.523055	-6.126797	-7.569395	1.606522	0.505947	0.343112	7.288669	8.464613	5.063372	6.132767	-8.492725	2.650307	-3.770786	7.597226	-9.849720	-2.707662	8.904544	9.197128	-2.803449	8.133410	7.771492	5.353418	6.318696	-9.733177	

Matrice B di dimensione 36 x 36:
-6.438690	7.590109	-6.650984	9.764631	4.378335	1.376477	8.341408	9.983588	-3.382670	0.328341	-4.128567	6.151034	6.548775	-0.551373	0.915571	6.032740	1.854561	9.234393	-6.630244	9.805144	4.077808	0.292147	-6.116407	2.892181	5.062602	7.133978	-1.703556	0.831653	-6.123814	0.238239	-4.914857	-4.422171	8.930288	2.874597	3.684766	6.099073	
6.187145	6.229992	2.184274	2.515450	3.668722	-1.479886	-3.749946	6.236427	4.331636	9.523234	-4.697131	7.121458	4.650552	-5.551890	2.759724	3.426899	3.567343	0.072811	-4.126186	0.159886	2.157477	-8.967698	-8.136573	1.168113	1.674795	5.455541	3.503589	0.403932	7.884329	8.956042	-7.710162	3.401127	5.565680	2.583005	-2.975245	4.964169	
6.705663	0.752355	0.717039	-5.146059	-1.760906	-5.742654	-5.735173	1.542229	-9.364567	3.186210	-0.664667	0.490250	-2.943109	-9.670604	4.454328	9.618414	-9.646633	6.721632	-8.285271	-6.923812	6.025748	-8.270021	9.049183	3.657466	-2.473554	0.617413	7.030819	8.075968	0.993580	6.213862	4.986010	2.730944	-1.409331	5.969877	0.215571	-0.342622	
1.128379	9.978714	-4.205980	4.131659	9.536363	9.413335	9.715633	-3.179740	3.357961	4.816302	4.902786	-9.064136	0.747500	-1.152529	2.804710	8.437236	1.574662	2.749682	8.507081	-1.803926	3.432176	3.755399	-7.960405	-1.492816	-5.080143	1.850916	9.049440	-5.296434	-9.528835	7.712204	4.034822	6.583376	-8.045489	-6.784931	8.304618	1.481623	
-3.190700	-9.137329	1.765526	-1.091946	-3.247848	2.859011	-6.483146	9.153158	9.086235	-7.121515	3.926978	-9.099380	3.575940	8.567751	9.450780	1.358033	-4.848330	6.103724	-2.207001	3.720974	7.105582	2.837970	6.240496	3.684300	9.615786	5.192019	6.856541	1.087490	5.151513	-0.825954	1.694567	9.738845	5.196110	4.590472	1.022602	6.766627	
-6.822073	4.169037	-5.154376	6.153023	2.338487	-2.153033	-7.152541	8.423371	-7.457512	6.013822	3.921822	2.040163	6.158985	3.554120	9.671728	7.054806	1.139492	5.902982	6.467224	2.434156	6.125166	0.608316	-8.004490	-3.675428	8.437552	2.670319	1.773199	7.331343	1.403261	-6.856612	-8.649235	9.341759	8.926652	-2.838345	-4.500950	3.007499	
6.016459	0.632950	6.151240	4.358597	2.987133	5.602884	7.563396	5.756516	4.376584	6.401114	2.159667	-7.872566	8.203302	1.293710	0.907383	5.566314	0.552146	8.177014	1.027647	2.300290	1.528082	6.187925	4.563643	3.979176	8.342212	-7.293929	1.334489	8.627386	-8.497574	0.692302	2.036872	-1.946908	8.056551	3.596975	-6.995974	-9.019243	
4.379641	-8.170928	3.598115	5.354789	-4.076734	7.336811	-1.001097	2.874004	8.443535	6.043961	-4.726255	-3.520786	-9.009143	-1.539983	0.990145	-1.891042	0.761875	7.190921	9.543610	4.846899	-9.757852	4.433281	-0.588548	9.393214	0.320750	6.126357	9.321156	-9.376383	2.361900	-1.560586	5.352139	9.497185	2.936989	8.845773	8.710508	5.762775	
0.176226	-0.521843	9.081128	3.241673	6.782652	5.634122	4.011183	5.552921	-8.147407	0.753653	6.840962	1.927541	-1.414092	0.456662	5.221692	6.195167	8.762832	9.428297	7.007049	3.164857	2.315458	6.781336	3.570311	1.274511	6.954097	5.341611	7.745843	-2.929142	-6.312841	5.781812	5.394779	7.617317	6.030693	8.558647	5.275742	7.770848	
3.014291	6.809640	-8.358386	-9.568141	8.827447	7.558373	3.736428	-5.667293	2.901331	-9.771401	-3.771709	-6.388885	-1.887268	-0.633388	1.253360	2.323669	3.058072	-2.571025	-5.953369	-4.834755	-9.888390	-7.326663	-5.533964	-2.488010	5.993528	-2.047337	2.828369	-0.991021	6.881196	-1.693260	-6.792322	3.513000	4.809691	1.821129	-8.047594	8.878165	
4.442585	5.129704	7.688595	-1.443857	8.311440	3.133411	-0.535634	-3.619350	8.804535	5.385860	1.006856	8.805080	1.762875	-3.075717	-9.255013	-9.582091	-3.586663	3.132577	7.699092	8.468314	-2.087168	6.553111	5.831879	4.324177	6.179037	1.071785	-2.412692	9.977723	9.602093	1.849763	2.240048	-2.861163	8.299932	-6.012802	2.412505	-3.956814	
1.099890	-2.754187	1.705649	-9.197793	9.012430	-4.568287	0.625239	7.190351	-0.436759	0.815383	-5.092347	-8.697281	-5.742490	-1.114039	6.092388	6.135684	2.012740	7.410869	8.975904	-1.169277	9.818101	5.377717	7.136721	-0.438053	8.815931	-4.881653	-2.135429	-6.008252	1.963094	9.441074	5.745420	-0.973232	9.294498	6.996405	0.995879	2.777748	
4.249003	3.027325	7.768948	9.486685	-5.424597	-9.416149	8.370852	-8.781200	2.452560	4.668558	-4.247439	9.510287	7.180901	8.610414	-0.395302	4.855587	-0.804007	7.676288	-6.224550	1.384093	-5.407594	0.794840	0.523230	-7.338758	3.960893	6.740274	0.511043	8.360547	-5.050302	8.887323	3.614354	-3.363662	-2.922369	-6.425132	8.735697	-6.390594	
3.062096	-3.183749	4.165079	3.791638	6.728771	9.789982	8.388117	-7.754129	-9.258370	8.403977	7.371475	8.681162	4.389392	6.792006	4.135464	-8.669864	3.184561	-3.922623	6.664156	-9.666671	-5.766409	-1.019218	2.201790	3.870770	4.896382	3.346275	3.345733	7.463183	0.333778	2.599573	1.753211	7.329473	1.652916	2.097622	9.709629	6.385010	
3.045292	-7.821698	6.753519	8.332159	5.107643	5.286522	3.243191	6.739752	-1.204601	5.045566	-1.361489	6.398318	-3.869710	0.856849	2.937069	5.700703	-9.450632	4.848276	3.352156	7.595959	-3.516434	2.764948	-6.055359	3.240534	5.973248	3.009375	-4.978179	9.076272	9.486863	3.739330	1.685956	7.395378	6.074884	0.860716	0.863025	8.617083	
6.993863	4.960661	2.706491	-7.990003	3.413087	1.676297	9.653724	2.089410	5.377589	8.754869	-7.187038	5.460388	-8.915029	7.126826	1.976221	4.514868	1.404874	8.079102	-0.425164	7.028401	-6.667063	7.340413	3.449491	0.232209	6.115947	1.168965	-6.490555	1.683222	-9.268784	4.763787	9.844508	5.107827	2.150617	9.174846	0.064242	3.674385	
6.420825	8.776321	3.639487	9.176180	-2.269460	6.913819	-2.210044	6.990628	4.107314	7.840837	8.942341	2.050694	4.240288	-9.970413	4.232001	-6.055754	1.856424	1.849282	6.743795	-6.372438	-1.605099	3.263218	8.670062	6.086371	6.434437	2.206738	6.448770	-6.931553	3.296483	-4.823530	2.485873	5.695266	6.169030	4.062595	4.328302	5.373739	
-6.853896	-1.875897	-1.309877	9.857122	5.124730	6.911755	6.658074	3.059849	9.318018	-2.337105	1.978921	-8.749028	-4.786555	9.520353	-6.581430	8.149596	-5.974355	1.528784	-0.208836	2.705533	-6.965393	5.748201	-0.873224	7.799167	9.194104	9.197940	7.837842	1.055552	-9.539473	-2.313007	7.504783	2.966103	6.899742	3.828309	6.362779	8.405082	
-0.609119	0.837854	8.938388	2.171679	1.883675	7.672043	-7.189966	1.464078	0.885560	7.612456	1.130771	2.150151	8.549288	4.904771	0.854555	8.256816	2.877646	8.348889	6.017887	-8.084225	-1.843594	4.776158	4.145383	4.971317	-2.901702	4.792703	7.506457	-4.555786	3.428223	9.561560	-2.325373	9.263686	2.338110	8.329240	9.430197	-0.899041	
-1.709387	1.486965	-0.179010	8.006340	-2.112327	5.671385	-0.259042	1.798467	-4.436502	1.567790	-7.167367	-7.723697	3.306718	-6.297613	5.296719	-6.195170	4.402071	-4.441171	5.246078	2.763844	1.331456	3.496806	4.384575	5.321073	9.551015	4.749759	9.621443	-5.078656	5.416682	-3.637669	-3.466270	4.439679	7.754568	0.421521	9.603195	5.796611	
-3.552776	-4.584380	3.477639	3.103518	2.840966	4.253386	-5.478167	8.040832	-9.619795	6.995192	1.627364	5.910817	1.421116	-5.515564	4.695802	8.138501	-8.529570	4.535707	-9.945960	0.325901	8.821056	5.816608	3.343078	3.955411	0.973432	3.782350	5.721564	0.588304	6.253014	6.175784	-3.611525	0.039871	6.043749	4.752775	-9.830014	7.543164	
9.442008	3.107507	1.441522	5.042147	-1.797195	1.547451	3.722337	-3.849012	0.493953	-8.501526	7.487589	2.957869	-4.970673	2.489107	-5.673936	2.927261	9.062906	9.150746	5.701766	-1.595197	5.765829	3.372915	3.545022	8.679304	-5.068116	4.904923	3.899138	-4.754576	-6.103840	-8.958961	-6.470156	1.880917	2.544738	7.581649	-6.368802	4.405621	
4.237480	9.618448	3.304697	8.738380	-1.904144	3.914846	-6.643962	-1.116550	9.310975	5.054959	3.026384	7.825060	5.149448	-2.934129	5.664958	-0.606633	0.598752	-8.230717	3.339888	3.980014	4.657990	9.214684	3.477832	7.019834	1.950456	3.003867	0.179737	2.210117	-0.223729	6.385377	8.027066	-4.827192	6.640495	1.495134	-4.371264	1.663091	
0.367606	8.101560	9.243280	-6.625072	-5.584428	4.819507	4.108973	9.799339	-1.691730	4.347107	7.213653	8.975082	6.960611	-6.509628	-4.865588	0.454457	3.492326	-7.396381	-6.473369	8.297895	1.882411	4.691093	3.571946	-7.020435	3.175719	-2.009880	1.089242	9.156201	-3.122649	9.814596	3.126423	3.950559	0.459735	6.425939	3.940640	-3.510314	
6.216576	-2.474580	8.221619	6.679792	4.108742	2.413875	-5.156566	-7.172270	-8.781348	3.517524	5.834212	2.317487	3.262735	2.040040	5.760114	-4.189370	8.807353	9.233905	5.230073	1.581632	-5.498160	3.836238	-9.921156	6.724795	-0.218709	0.905059	4.709554	-6.872003	4.819435	9.718471	9.543891	2.639876	8.385382	3.308313	-7.276204	-2.592498	
4.043930	4.251967	-4.936405	0.888582	3.716617	-3.939607	-6.674660	-2.299243	6.728418	7.664389	1.743558	1.478603	2.193312	6.661231	0.528886	3.439495	-3.110391	1.342062	3.890953	7.603721	-1.924435	-3.191834	0.339144	-4.825787	-1.721865	7.372518	1.705300	-8.077813	8.758321	-6.295474	0.583623	5.028788	2.595229	9.989475	-0.363817	3.870455	
-5.862434	2.664753	-2.837484	2.039858	8.538929	4.502352	-3.101265	-8.826621	6.223672	-4.298856	7.386845	-6.318866	7.034245	6.420201	2.886456	7.016920	-7.434324	7.619353	-5.996633	1.173464	-6.111677	7.978323	2.289419	-3.079152	9.135056	-2.613564	7.008178	6.781169	2.325439	9.113642	-0.714549	-2.845282	9.304597	2.916049	9.513487	-7.534316	
-6.875844	3.080735	7.792794	4.969081	-0.434862	4.901972	-8.697207	7.228691	-6.250877	1.323156	8.226009	-5.647348	4.728781	2.540502	-1.273018	3.398441	-5.688557	5.883029	3.477699	3.330621	3.024970	-7.910855	9.987400	1.291228	-6.519708	-8.514534	-6.125364	4.016259	9.407176	7.886694	1.139112	-0.047408	1.255122	-1.732751	0.149144	5.776631	
6.616063	-8.515255	0.686060	9.064009	2.350617	6.246909	1.648358	9.066453	0.665000	3.024387	-4.501290	-1.757192	1.136865	9.565394	-6.170399	-2.545006	-0.688874	0.152560	8.415313	-7.454439	1.656950	9.987430	-7.724267	8.109591	6.244365	-9.582439	5.561676	-0.418683	-9.331973	6.682084	7.352265	9.035119	3.250233	-3.636655	3.945339	8.499808	
5.692638	-8.067804	-2.567107	7.019719	5.725860	2.033728	7.797735	-3.092942	7.091167	5.213864	9.746339	-3.016563	7.674164	2.371279	-3.887209	7.426790	-6.561973	2.457623	-6.430584	8.456479	-2.079993	-6.071723	0.237499	-2.177338	3.050001	-1.837144	-6.115185	-3.303063	-6.275733	-0.761053	1.388868	6.471659	-0.291246	-9.246182	-1.275304	0.800702	
9.081130	8.423050	3.135142	8.981733	7.929453	6.396675	-7.741036	1.244899	9.372750	7.147909	2.303974	-8.478162	9.205118	1.691296	-1.860438	4.092315	2.299001	5.844703	5.335963	-6.386952	1.976450	2.934189	7.873296	4.703799	2.447868	8.879967	4.879479	-6.038060	-2.145578	3.410417	3.285698	4.445984	7.115282	-4.208830	8.070982	4.880808	
9.985848	8.212670	1.503782	-6.234749	1.631028	-7.149195	-5.334005	-7.437368	-9.616219	7.756147	0.273174	7.355501	-6.695157	5.482327	-6.122560	8.639996	9.165329	8.167996	8.297355	3.009748	9.079627	3.013483	9.775245	9.919406	3.229511	-1.635047	7.492218	-2.983463	6.076201	-1.062789	7.253584	4.449230	9.274606	1.811488	-1.394197	-5.579080	
4.941213	-3.548074	4.730779	-3.773783	-4.879663	7.995434	7.994279	2.968314	5.519345	4.336626	4.493970	6.122035	2.390219	4.948736	4.438734	5.876201	1.440926	-8.350563	4.142890	-7.508512	-0.858579	-0.926651	8.338218	8.466406	6.999104	3.479487	3.329375	0.710648	1.317178	2.671798	-2.578817	1.932919	7.243320	1.653005	0.004108	-4.860488	
-9.677359	0.779109	4.250341	3.082245	2.192679	7.423409	7.038215	0.165548	-1.088560	9.923745	-0.317478	-7.582056	6.595649	-4.073935	6.886406	8.647605	9.650690	3.931162	9.677039	-2.025671	8.559945	-3.569405	8.374215	3.228152	-7.164168	3.526261	9.988254	9.985357	7.867084	0.572443	7.443133	4.463845	3.346408	2.795722	4.851597	0.270225	
-2.088783	-5.228522	4.492940	7.213291	6.859215	6.902837	9.263705	-6.134936	9.955782	7.445697	6.538934	8.966710	0.797445	6.376272	-5.510426	7.672548	1.012625	9.928670	4.471881	7.961114	7.203956	0.321880	4.495481	1.537124	2.643131	1.240635	-5.989103	-3.004422	1.918268	-0.148755	5.657610	7.948170	4.289496	-6.628841	-4.974866	8.611106	
2.855106	4.825861	8.822910	0.098088	-8.331935	-6.229844	-9.965954	9.078353	0.862859	6.262617	0.290362	1.084612	1.864281	0.536616	9.562749	3.973965	1.849791	7.104419	9.875787	3.791180	7.712686	4.630908	2.955991	5.634205	1.106221	-1.021064	-2.261639	-5.208260	0.718328	8.629181	-0.853458	7.150130	-4.912720	-5.411146	1.535707	-3.996506	

Risultato:
Matrice C di dimensione 36 x 36:
112.969180	404.224054	37.668227	-29.313189	55.948686	-106.759427	465.418392	-74.443896	-95.015073	35.899643	188.642880	484.519629	3.185308	128.998979	-207.248990	180.178877	285.298196	-62.792912	49.534359	338.798200	56.802797	-70.104537	-2.572846	-220.338203	-23.534199	-93.631514	-473.936555	104.627275	-231.123898	82.545881	214.367841	-201.208587	71.885148	-143.293889	-163.225312	-40.829960	
122.536047	140.743357	237.909861	375.957914	193.744313	421.336896	162.680856	198.333241	105.189614	749.751348	49.443819	146.926341	261.962992	106.908194	382.071633	562.335506	56.964559	372.339882	248.720522	203.483166	113.026050	-51.806857	336.667964	297.815963	323.849089	369.470422	271.070229	-24.229640	202.594698	245.066777	232.355623	645.377586	380.845208	125.531919	209.674907	512.062155	
112.122115	-202.679229	-160.729135	-384.915825	-301.288190	-534.218652	68.388971	-270.876508	-474.355174	-114.624534	-250.990764	243.845163	-281.063328	-149.097327	-261.951438	-311.867617	299.176022	-312.945171	-164.626053	-5.265299	157.112419	-323.313697	-314.274104	-263.852672	-349.254993	-272.518116	-157.744492	-8.735693	26.734639	-184.708890	-21.949752	-44.224812	-373.041688	-150.241803	-219.856902	-234.065187	
297.490240	-79.220054	62.865486	70.477403	283.922550	323.881690	269.485716	-60.853811	184.479184	331.697212	-59.689334	-212.475437	54.932274	222.786337	14.636665	282.223489	-25.006097	134.942769	115.139467	-120.346366	10.264073	91.788947	105.829796	338.514097	230.703131	7.983122	317.178424	100.054677	-225.607011	243.311859	154.537711	317.742449	158.050854	-33.933999	58.938371	118.968211	
-294.874696	260.755193	-42.624074	255.924432	62.183943	132.224747	-492.767469	261.734902	-50.476036	-18.846905	112.783976	-161.932212	141.864312	-160.363932	78.000072	129.043994	-95.615097	87.383680	-62.549933	325.925778	84.070876	25.380720	-252.406778	-120.069169	-224.576336	151.782813	117.590253	-271.993490	153.479172	149.367393	-302.822237	64.000255	-49.113234	104.863946	4.161730	269.218507	
159.187402	146.381139	306.934513	271.196868	204.132952	358.747193	100.071931	-118.178371	-80.589165	382.153681	222.802533	129.418554	345.549506	264.883719	212.834918	260.100249	92.550701	441.431565	155.521451	35.642183	-257.228510	-103.994739	202.556972	257.242688	289.440634	257.833517	283.635358	322.071016	277.337929	179.047601	-8.869216	322.454610	494.556865	265.502895	218.491790	-2.100285	
77.155557	86.471091	265.154163	356.074524	331.200978	215.578053	17.436235	-2.936238	111.800230	428.642545	436.558912	-22.977703	318.170003	141.634119	358.135258	549.106484	-104.377022	514.579573	278.265070	6.457984	501.610058	196.294663	412.015658	503.512584	412.055516	148.462201	259.059705	333.359289	135.578206	297.579135	246.777182	161.695998	619.514131	-139.640218	-167.031664	-55.721360	
-89.391806	-218.807451	134.291501	1.478759	58.491030	518.723041	102.787311	59.649002	-103.473929	-18.446933	-11.580385	-266.581253	-136.152293	133.591088	119.171241	265.905117	120.378586	293.995844	95.373562	-127.546209	-84.761527	95.366519	24.292498	213.409362	118.594980	-66.064458	580.442978	66.477953	207.603932	143.425881	86.361011	558.087280	200.651631	304.668647	95.049913	345.352499	
-32.964832	129.883719	-77.936307	64.849410	167.716673	304.651650	326.325167	123.577104	424.609583	144.476155	79.299428	-75.347917	65.920559	35.592892	-157.703304	112.624803	-61.880459	-8.511471	16.454437	392.912255	93.879470	108.164796	171.248648	192.547086	35.534270	-61.181771	-36.263129	142.218529	-99.326554	-72.554309	215.893322	-97.185238	212.330466	162.433576	-113.682137	46.636306	
94.726371	-116.170804	298.703201	229.433466	274.987360	386.736009	-4.094757	314.995692	101.772262	370.993687	73.936032	31.614796	299.827018	-346.034514	125.930495	273.240874	-104.590354	230.554566	-67.591914	-7.349523	-12.422480	-258.339470	252.038585	212.354467	25.337482	92.490288	-51.125237	-91.284009	469.286420	354.924962	-80.393625	80.010519	426.223961	232.625606	-54.286554	307.223467	
-88.009823	79.713504	274.385285	329.546233	109.768458	231.775459	34.385494	258.033275	101.927752	343.127341	-12.966937	63.928161	-77.475856	-9.425149	151.694864	635.635606	-81.302564	534.234636	171.163163	423.099616	311.922293	56.955253	245.076779	261.100766	-51.091981	487.416743	283.907449	100.497058	265.919151	198.644325	236.156486	311.253188	321.154748	377.175871	54.996222	458.427255	
131.403105	-172.049539	298.456167	303.090164	108.522281	-3.811804	-250.174211	331.407033	-55.129835	366.667332	22.529211	226.146763	100.766603	289.704396	172.345873	647.704579	-177.987871	697.806133	10.636563	218.622059	379.166658	294.148028	433.980131	316.678263	359.720410	345.437869	279.067285	69.611261	118.363694	388.606359	236.407059	478.796078	493.927737	384.078828	345.065973	388.844402	
18.019080	171.386363	152.511149	289.205744	362.260231	182.321598	-242.125973	119.310378	-216.105781	223.435625	131.369371	-276.517894	166.207584	-5.473562	146.055541	191.888955	-103.071168	143.801664	181.269000	133.751531	79.638343	190.380024	96.473030	131.962729	348.827174	-130.887795	263.771795	175.003892	326.735449	328.187780	294.350227	181.566159	441.923801	-17.925103	68.464164	243.376308	
538.700166	186.242789	326.548840	228.826333	191.125713	326.936441	-96.655811	112.427537	224.307384	439.108361	11.647351	115.685658	107.179238	131.354948	106.328871	245.740598	291.083904	448.954306	541.089562	-116.939380	8.858789	209.795136	131.275250	567.330122	113.148878	382.084321	401.186856	-308.456383	241.225968	91.837368	-95.367927	377.606583	403.003524	189.093761	-35.719275	166.624535	
225.917008	184.309537	219.053391	301.510222	22.299218	-31.457033	-447.163592	284.012701	-180.893328	334.058281	124.426262	-139.202268	224.901818	-158.825188	464.942779	114.018014	-201.330334	363.617848	90.488799	4.438292	87.553086	98.390096	5.975592	166.665053	187.529592	-111.971412	147.196515	-53.104663	106.598147	583.120842	161.162658	113.481769	161.534348	-24.758386	190.877113	-55.142328	
-112.080933	-70.858844	-27.426147	-28.562060	213.910521	284.397607	394.719920	-202.979359	399.328594	-90.079171	310.778072	249.848863	218.542712	-43.241266	-163.580640	281.347465	-540.895684	-128.280859	-547.984979	-21.420927	-154.159940	-213.312243	173.351334	-216.212425	93.571621	274.177009	19.940419	280.529687	146.828594	228.147256	-8.626195	-17.829240	-53.703718	-115.521198	227.455331	129.077203	
200.298640	465.321922	14.742856	-31.490587	447.287334	426.991501	207.508690	-51.611779	256.571014	59.264807	404.485191	44.283384	136.821848	333.833994	-267.489916	187.648825	149.511395	256.055988	50.902536	10.369372	-56.848736	154.474222	55.549523	139.823756	207.096836	10.717866	260.781104	189.991651	-210.266017	210.445819	156.830098	183.737216	375.856172	244.699454	-7.732817	160.081434	
-89.749488	-98.598289	45.293724	-116.249857	162.491192	41.473207	284.152485	42.010073	-339.113565	311.405461	-196.812321	406.086451	-105.564689	-42.083379	234.342926	408.329467	135.038001	70.098774	-156.231589	125.451171	104.232918	-106.626121	30.914529	71.334602	126.990870	308.420584	33.792029	226.668388	176.839682	81.432402	46.103560	86.037777	354.384449	477.732747	-190.582147	235.334781	
387.859899	100.038827	348.928148	119.775338	-41.105057	-274.163236	-466.834745	152.020633	-166.820002	335.081329	-209.858958	324.000932	-165.855203	108.049447	-23.581880	-86.601351	-19.252061	652.853428	442.248853	47.608326	-59.764034	123.650038	131.141491	136.968016	-9.152101	61.303173	-87.211558	-240.355634	264.825399	181.097574	114.848076	279.470145	68.093211	149.742101	219.400880	191.182718	
-209.870505	317.317689	45.898139	15.832385	74.249669	306.477795	177.962096	438.711799	210.195303	-9.931678	223.549103	-2.117828	181.423064	-73.590198	39.500833	306.080582	53.667121	128.996238	-6.653161	90.340024	290.262529	-16.854933	48.697428	32.240893	133.014116	-31.259229	67.859078	248.988839	-55.325941	29.230019	-284.258744	128.969424	175.675079	136.902804	-268.872381	232.213428	
-35.827449	-176.365459	106.818280	222.741566	333.974890	297.497785	363.537483	-13.615377	342.869273	-55.215588	-19.271401	-415.998000	240.948654	387.768163	173.245561	304.786394	-72.285456	303.962256	51.234923	-69.937490	-183.153084	453.092968	-88.270376	-38.718546	395.321345	188.352617	237.080097	47.223601	-463.364413	384.748287	97.711600	165.944564	59.984349	-95.516333	501.828384	-12.342678	
380.568365	157.463058	135.839675	54.020873	205.860448	445.373683	115.456041	37.457432	86.680544	372.959641	-18.612148	-36.501222	98.207666	24.669487	38.114356	357.867005	-25.047083	330.574911	221.841865	-144.647646	-70.828055	289.644391	149.727684	348.033472	354.913723	112.332260	611.270945	113.092050	161.564951	259.687124	36.699098	472.052403	432.640431	311.289705	320.238761	29.424803	
260.308545	31.434839	381.204418	158.306004	457.062179	498.728130	446.675216	27.445277	389.513872	128.423451	362.102532	-39.817840	246.571754	117.050539	-253.193888	278.561658	-81.116317	415.904502	32.324904	81.514109	-253.660289	356.282243	138.431152	-55.041184	226.302995	-61.957337	-11.283081	12.201741	-293.287571	508.492403	341.506443	44.185176	271.879875	67.419872	157.199166	-28.052457	
89.907379	-124.785633	194.900866	-82.115462	-15.767951	17.218113	260.487856	130.105380	-2.707201	-58.406167	-392.631644	203.514423	-142.751303	113.825527	32.925296	26.272265	126.105140	168.538771	-90.893296	108.142752	-220.802961	289.157342	-125.774296	144.384952	597.594901	62.793435	148.228371	208.517030	-38.330356	267.975712	269.579973	66.302466	452.651055	226.010971	133.713140	-17.993041	
395.897559	194.572023	456.586599	84.914779	-65.994271	-1.542302	-72.650973	54.530873	-9.554343	555.276798	34.483527	578.511862	313.095664	289.469601	-206.470213	5.840035	77.201405	254.508776	176.020567	122.977535	-107.870095	49.366173	121.458483	129.033472	97.494340	-138.487706	-233.002233	323.343095	38.771333	460.017208	57.161525	167.675302	187.214659	-80.140521	191.299739	-254.897448	
-404.197814	51.192175	153.039510	-0.293893	42.696127	-31.168404	42.612710	6.047275	-75.921036	187.409160	150.971488	352.088916	207.448098	-58.107838	102.828479	22.882778	-7.127628	242.697162	-107.084204	430.499025	57.400593	91.166252	-97.243896	-384.499918	-212.086893	98.303377	-185.490385	244.044922	-73.994069	210.365931	257.782640	-28.028944	-167.040366	69.900539	70.113707	-94.844553	
-54.568212	160.909457	13.457278	362.367159	310.020653	265.605584	-15.391761	308.826334	-236.558754	107.228582	309.342510	-230.926993	256.550617	96.268269	402.273921	416.770173	-9.682105	414.005530	173.496512	-169.557832	197.669606	375.785816	-32.320451	219.493869	186.332038	0.037711	230.569279	10.350131	-479.657110	261.565592	113.868967	98.965131	299.440643	303.971622	-55.937266	116.832896	
-143.737603	116.487492	251.513764	126.863884	-94.145899	355.825184	29.946153	277.686684	425.705276	238.381038	147.002024	-250.130111	406.515795	60.894125	232.706427	245.532294	86.925406	150.889075	34.618049	191.517718	-44.492276	36.291800	279.717209	40.965846	259.851883	252.100189	332.307408	23.979922	59.469124	184.802962	29.953170	390.014671	236.678958	228.439628	251.747996	80.335324	
261.466670	135.673292	219.484653	143.331584	-85.196109	-30.911013	63.670912	22.043062	284.718956	-76.692418	145.628255	-37.170204	179.220286	90.350817	-80.086862	58.818078	-12.036618	280.006599	-103.213549	196.424164	-190.565069	-176.811166	-102.540154	-162.867958	-164.145333	-73.563875	-343.202879	-188.913719	-234.795089	223.064008	139.027853	113.600512	-301.834400	-222.143317	-113.149389	43.223117	
-223.334535	90.683260	22.018926	-220.327339	96.696593	-46.849975	201.985998	-137.610415	-91.158387	-60.425067	-135.694328	-134.836901	-76.132229	19.560248	-69.802874	-120.847712	138.770690	182.673845	118.901815	320.553530	-83.087988	108.287749	199.664972	-30.016186	108.869736	-245.933487	-235.671566	-49.811846	-91.273355	87.073177	63.561921	-296.952674	58.242653	-70.385180	198.525146	-311.052217	
313.900469	133.098463	130.120599	-228.519203	195.075423	60.703186	223.930105	-126.263656	2.657470	353.507851	42.027524	-61.186461	-246.084057	-46.891415	90.060978	418.041883	134.261954	269.746788	207.424224	-0.815967	11.914459	-188.440863	183.737178	96.100741	-18.515699	-114.844538	167.915088	-101.413634	247.846438	299.525240	261.213837	303.161818	77.654389	212.208942	-27.355555	94.647845	
126.744472	419.283851	-34.547769	107.476073	129.782709	65.611484	202.557859	-37.775972	73.689894	228.806547	-2.270207	387.564154	178.035312	258.192745	-338.069594	380.405876	-93.386740	157.458891	-219.667848	151.574437	-74.462502	100.849321	-206.368115	20.767735	57.712855	55.546080	-103.017324	137.535424	-254.701808	100.731008	-207.012009	-59.712964	99.061512	-143.054752	-261.533837	-133.316946	
246.234438	208.527297	149.408137	493.603315	472.969401	248.361105	303.120236	70.872790	140.822947	400.568729	135.884844	-175.659726	264.337694	103.458465	76.160347	443.311356	102.986284	781.139845	244.972892	262.611551	45.500500	220.133685	-63.234923	182.923913	365.424678	342.438834	419.892779	134.934730	-148.806735	207.654849	238.804774	471.376906	449.117914	150.895057	383.280264	160.511696	
1.434931	-132.637702	61.324305	188.861131	55.228762	-51.079347	-168.795484	209.467638	333.837879	94.051127	39.804853	-195.025883	37.957101	-53.583752	190.057077	181.687068	-103.151540	601.398626	12.725149	380.622471	117.271450	-88.812736	143.366881	181.983277	77.841693	201.395072	-15.195362	-400.173279	361.715581	-42.324282	-104.288311	88.119232	321.784817	281.429643	-102.467981	114.670934	
239.544674	271.416867	500.735860	48.830407	174.985717	288.158904	-426.876528	293.218013	-29.596205	288.867346	268.926328	416.465019	193.704476	-162.151624	321.461847	170.490298	163.075730	433.081390	169.159729	260.519369	267.255132	219.917891	438.730812	295.057623	360.675737	391.606620	259.695968	-50.275926	630.877635	273.822551	-95.759329	326.864907	729.873583	624.767778	-141.786255	351.510468	
43.006864	11.339077	-107.316615	7.117985	142.588163	13.754851	290.216374	57.728160	-383.402054	269.775149	73.527309	223.536296	-10.612593	-3.998903	-282.948232	391.002537	204.153809	144.814571	154.908072	-29.468419	407.363029	-54.798778	248.847703	78.464321	-28.873384	97.731787	203.932755	-150.470072	-182.814477	-248.419379	18.103035	271.565636	150.181007	64.469640	2.775403	166.346193	
