
Matrice A di dimensione 36 x 36:
-8.861964	9.808061	0.501472	-2.191305	2.949749	9.989668	-8.296288	-3.964767	9.811759	6.431290	1.046501	6.183449	-5.362886	9.003739	6.176576	0.200551	0.764864	-5.124130	-6.796465	-3.862297	4.572399	7.722167	-1.909616	8.125523	9.973690	-0.115799	-1.789936	9.310003	-9.897336	2.607555	8.031320	7.148397	-0.632187	-5.585585	3.492720	7.426766	
4.055401	8.142207	8.330460	7.498913	5.310021	-8.466461	-4.086034	0.101998	7.827755	-2.158978	0.338138	9.851073	5.223677	4.383024	-7.554202	-3.275497	0.290577	-7.942343	3.646674	3.805890	9.779866	-4.531871	2.313389	9.265988	1.724224	0.858274	-4.753132	-6.942718	6.717436	9.857830	8.771403	4.425307	0.902601	-0.820460	6.812034	5.016488	
7.583942	4.736855	-8.930899	8.411705	-6.560572	-1.120849	-6.179250	5.409948	2.680658	-9.764475	3.913080	-9.883836	4.904621	8.262987	-4.903304	6.864112	9.464133	6.386343	8.054965	-5.916811	1.540252	5.656043	-7.340277	-5.525335	-4.171859	9.213289	7.989305	0.651955	-7.607581	5.574483	-7.802674	-7.182439	-3.613233	9.156213	-4.820892	4.331364	
6.712976	7.881764	2.570033	4.940882	-8.103362	-6.214797	0.135212	8.655768	-1.888095	9.875009	1.658204	7.211907	2.885153	9.077178	5.083810	0.058306	0.767210	8.450093	1.434084	9.501571	9.553353	3.854200	-9.154120	0.726375	-2.917760	2.831633	-6.441728	1.786385	-6.431447	-0.500249	-4.418653	9.747475	-6.256694	-2.578911	-5.643050	-7.977659	
3.027366	6.981953	-5.038017	5.321686	0.204842	-0.685328	2.640445	1.824367	-4.075526	2.264685	-3.533116	5.291769	2.142200	4.554527	-9.308399	1.303148	-8.729622	3.913839	7.812667	9.010811	1.297330	7.679459	-5.585245	7.812627	5.671502	8.771804	9.111721	-0.515314	-0.902785	1.190194	2.933417	4.046460	0.715157	9.991355	3.833927	2.817667	
5.744368	6.290949	3.135598	1.984002	5.380143	4.900408	4.763500	7.594636	8.593838	5.195353	5.623828	6.728057	8.354262	9.960644	2.191133	-5.346646	-5.911162	-8.710177	3.407631	-9.654614	-2.229962	-5.682039	-6.150030	9.954985	1.102285	2.330315	7.844348	-2.238413	0.851270	9.985630	0.152714	0.189356	-2.990484	8.810531	-3.948834	6.699515	
-3.517013	7.386679	-7.524910	-0.835191	8.472330	2.891073	-8.639248	-7.998412	6.620301	7.718449	-6.618517	9.437613	2.051927	2.393520	-2.229607	0.409423	-6.532518	6.151929	-3.820018	-2.915534	1.548195	8.488810	-6.576799	-7.642904	5.131095	0.207652	6.322584	3.204026	-9.218152	5.790215	9.538670	4.984872	6.792991	-3.521143	3.068229	4.354339	
1.303345	-9.258613	2.769261	-1.896863	8.398633	-4.532140	5.059437	6.877722	-7.055378	-8.944752	6.336163	-0.687793	7.383071	5.238384	-8.356521	-0.280146	1.098725	4.551828	7.161896	7.952211	-2.600779	4.906139	-7.486241	-3.418875	-1.013430	-8.900530	6.835037	-7.184188	4.206829	0.380537	6.657753	6.237489	5.735614	1.836397	5.876253	-0.042091	
7.368736	2.608016	4.082472	7.321937	0.248705	-3.154660	4.048158	6.875260	-5.878853	2.389271	3.793627	-1.285487	8.541713	3.949453	-7.734800	-1.048005	1.105632	1.443106	-2.628059	-9.953593	0.411460	9.641161	3.755331	3.028000	4.671968	1.798036	-0.435712	-3.399617	8.852153	4.016367	-2.185741	-5.863944	5.249129	-1.558164	2.090222	2.797651	
3.976879	1.148295	6.811243	0.279947	6.373996	2.431646	3.455651	8.528234	7.120148	0.270361	-8.688698	1.880261	-8.704475	8.282485	3.088565	-5.715261	-5.447408	-6.770376	3.932136	1.606459	2.091496	8.588449	0.090001	7.106526	3.515063	9.676728	9.213676	0.338761	-5.734967	0.278136	9.137249	-1.655010	4.251922	1.539291	5.565795	6.102549	
3.973985	-0.197499	9.289426	8.031835	-8.238719	-9.685614	-0.847588	4.449121	6.407346	2.639185	6.642384	-7.323616	7.415289	7.675921	-1.666273	-5.944991	9.517690	6.175573	-5.276305	-0.055368	7.913804	1.607243	-4.594368	6.045422	8.250202	-5.687226	9.162073	1.154134	7.070009	6.946531	2.161507	8.664059	-5.543401	-3.191286	2.739049	4.246556	
2.271298	7.023393	9.296515	-2.200278	1.093976	9.067913	-2.715827	-5.484731	4.629578	3.404165	-8.618860	-2.367980	-3.128578	-7.775992	-1.245780	8.637469	8.986877	0.318844	6.197715	-6.602684	4.121742	-3.360656	3.959390	9.187278	3.941334	-9.339970	-1.080329	-6.826788	8.709390	4.203571	8.364284	-7.355847	-1.889300	5.836446	0.007957	7.644396	
4.970471	-7.771039	-1.820286	0.061170	9.984559	4.564302	1.256047	-2.336011	-4.253915	8.793629	-6.629460	1.506513	-8.886837	7.329376	6.424402	6.048335	-5.283012	2.582945	5.718699	-3.133973	7.677659	0.182414	4.231420	1.044222	0.843274	3.275059	8.903779	7.762091	0.830830	0.304075	3.903006	-9.511140	5.421621	8.904803	9.777626	1.586638	
7.106308	-2.824400	-5.560104	-1.942226	-5.183028	-5.579333	9.830576	3.075109	1.158550	4.517273	-9.067741	0.220731	3.114353	5.851780	2.455486	1.347219	6.982465	3.834043	9.081785	0.975263	7.502715	-5.915318	7.984270	-0.124772	8.530530	4.310443	0.486033	3.248347	6.616240	-6.663171	4.813720	8.473208	-7.392243	0.216098	-3.020527	1.753338	
1.986923	9.209819	3.975940	8.062820	0.800623	-8.634940	4.630827	9.703244	-2.527674	-0.361673	-8.161164	0.268740	-5.888635	0.186482	-7.886271	0.098403	-7.316885	-1.980499	4.176942	-6.824109	8.530071	-0.540993	0.691507	8.176892	1.722988	-4.418618	3.096321	6.659136	7.733165	5.964754	9.418837	-7.180847	5.087097	-2.440228	7.877581	-0.718669	
-9.879927	7.573667	-7.487678	1.392177	-3.902784	6.496706	6.997916	7.671381	1.588576	9.993211	3.280593	1.261369	7.797019	7.114330	7.602130	8.223210	6.089193	9.938796	6.081624	2.111795	-2.094065	-9.699157	5.793432	5.945341	-6.212701	-8.061818	5.420753	7.068012	-5.803462	5.484641	7.955797	9.841196	7.869136	-2.471852	5.777039	3.248698	
2.982821	-5.861658	8.364632	0.026677	-1.701725	3.863124	-3.001058	4.601806	-4.054817	6.156701	7.783521	4.601782	7.917219	9.362601	9.033448	1.760111	-7.274228	5.280889	-8.228344	-4.768578	-0.579090	4.296263	5.489389	5.678120	-4.613818	3.778808	3.574801	8.219089	3.377203	7.258336	2.417509	-4.295330	6.336199	8.880815	7.160101	-9.495643	
-9.524333	3.384010	3.994666	6.774522	-9.911090	5.424127	8.953027	-2.134454	-4.444970	2.788405	-6.054201	4.706159	7.192533	-0.175397	-9.207524	2.659356	1.784208	4.961834	-9.133173	0.769596	4.357276	8.379414	5.742118	2.615462	-1.442689	4.722649	3.132679	-9.417549	-7.492503	9.493753	1.069628	3.540835	3.306472	0.342778	3.683256	-7.920850	
8.377072	-8.266387	6.507512	-2.786759	2.556996	8.896323	3.863405	6.294627	-5.394228	1.791247	6.097517	-7.132650	-2.384781	-6.956936	6.002135	7.943513	9.114074	7.154165	6.622929	7.918794	-8.059881	5.703958	4.874931	6.031035	6.359743	-1.977398	4.201265	7.657723	3.101176	7.509209	3.645363	0.315689	5.990842	-5.803633	5.818537	-5.501811	
4.204056	5.384568	-5.380523	2.222106	9.670230	-8.048926	8.727032	9.259454	7.100686	6.493950	3.846261	-8.949034	6.994198	2.417003	-4.820517	-6.583612	-1.107604	5.490524	5.536601	7.175128	-2.030400	-2.423661	3.897801	9.223433	6.230637	-1.950031	8.479474	0.127740	-2.991248	2.248276	2.096293	3.550739	3.815751	7.852327	-0.256789	5.147598	
3.941593	5.728494	-2.690391	9.667221	-0.325274	-5.134774	5.849558	9.132346	2.567227	8.162726	-8.873979	-1.983937	4.350667	9.021451	3.337138	-3.093024	6.583674	4.901928	5.050711	-7.960898	9.914386	9.340127	0.112335	1.228516	-8.811778	-1.715933	-7.508908	-0.419911	4.933247	8.593336	2.089891	1.132547	2.756392	8.829251	0.128513	4.217229	
2.882635	-1.369384	1.353528	6.714624	-2.165829	7.555343	8.924408	-1.802551	8.683843	3.982536	-1.774975	0.859274	4.991366	9.835733	-3.742210	6.016457	7.104369	5.237651	5.315998	-7.485651	9.876791	-0.929740	-9.258272	-4.108009	3.982009	-8.141955	1.960173	-9.220936	-7.256459	8.220722	3.563592	-6.106938	-7.826721	7.454217	1.483701	4.084570	
2.795331	8.824421	4.000675	5.079133	2.288327	8.388014	3.532743	9.115118	3.734812	9.622875	-9.541608	-8.148970	-9.071853	6.789872	1.697267	7.476063	4.182529	9.722327	-9.813587	7.205987	-6.604457	9.913529	-5.427045	-4.970000	-8.971370	-1.364244	5.863655	-8.645367	2.577259	8.727170	8.692917	-8.791092	-2.881779	5.223757	9.876024	4.040309	
8.870581	6.739986	4.224530	2.472214	8.240289	4.028304	3.282114	-0.028477	5.791070	5.836528	4.923223	-3.054519	4.645329	8.739752	8.003786	-7.632973	9.472476	5.780837	7.624252	6.242099	-5.297126	-8.384471	6.913174	0.449545	2.187366	-0.116006	6.735009	9.421638	0.590915	-2.206645	9.946614	9.334661	0.653484	6.357342	4.373840	7.645294	
6.740319	-5.379061	-4.644287	0.142453	2.664538	1.877490	7.446497	0.713146	-0.699472	-1.251682	7.170004	2.401147	-7.999699	-7.928432	8.592693	7.068302	-8.016934	8.270070	-5.065883	-2.310087	6.037795	2.056979	5.082585	9.051770	2.950490	2.472057	-9.083210	4.795743	-0.289731	-2.965961	5.510930	0.874309	5.668286	-1.090568	1.372277	8.307711	
-9.634959	0.871538	-6.493964	-2.167433	-5.127069	3.472134	4.079272	4.282657	7.873483	-9.826658	-8.489445	2.894228	3.721517	6.482931	8.955997	2.473933	7.752727	-5.540458	9.302551	6.451490	6.508340	7.036013	7.907179	-5.356155	3.367368	2.141999	3.778197	-3.696601	-9.193801	-8.553565	9.449055	1.285994	6.228641	3.333038	-6.582528	-8.104282	
-0.602420	5.295065	-9.800611	8.751612	5.826504	6.667150	9.811679	-8.018680	2.486384	2.755162	2.743989	-4.592303	-5.632041	3.500358	6.403073	2.733885	7.758633	7.982453	2.441965	-9.235712	-0.677421	-0.700047	-1.932287	1.629647	3.006216	-4.911001	1.056783	-3.501304	-3.575339	2.693322	9.325667	6.527634	7.933272	0.849093	1.244686	6.074195	
-2.567888	3.101605	1.274128	-3.535645	8.663458	5.353187	5.373100	0.081918	8.394971	3.264168	-1.665635	8.631640	-9.068732	6.047906	1.591220	-3.026771	6.913514	9.617969	-8.131591	7.824933	-9.953734	1.754161	-4.648512	8.357020	1.949465	-2.393570	-0.794423	-4.637242	-5.481380	5.775682	9.568199	0.919951	-8.293801	3.625634	-5.478788	1.590171	
5.144505	-5.588234	-1.912765	4.147520	-8.530083	2.280382	-0.975863	5.086945	-3.339073	3.694241	-2.394757	5.799740	-9.973412	-7.590208	-7.397814	1.253491	2.645514	2.267330	8.957365	3.150845	-9.877560	7.675984	-4.196492	-0.676118	-6.744809	-5.635047	9.144198	9.367296	-8.697424	-8.449473	-0.015512	-9.258705	9.953784	3.852508	-2.565100	-2.213756	
3.046488	6.840120	0.166806	7.340371	8.128491	1.823814	-0.513498	-5.851841	2.532409	1.801364	9.140275	6.483658	5.624211	5.850308	0.269389	-8.085627	-8.356977	5.540051	3.137093	-9.682210	0.584394	7.344103	-8.299460	0.676282	6.898232	5.197373	-9.132187	2.864407	1.527326	5.960348	2.410658	-1.014460	8.921217	-1.009735	0.388317	0.204238	
7.477417	-5.791292	0.894595	1.222153	5.058475	-0.011833	1.631615	-9.611590	7.216358	2.748037	-9.786242	7.374117	-1.230678	3.830707	8.225295	4.579851	-6.076779	3.050750	0.520138	-8.701689	4.210494	-4.277442	-0.613147	1.038006	-6.536275	6.073676	2.469593	-6.087383	8.037670	0.491221	6.016233	9.706034	7.161365	3.866464	1.067884	-2.595996	
-6.939094	5.547312	1.823588	-2.405100	8.668021	-8.716679	-5.403888	7.935685	0.263073	-7.925173	-7.289460	-1.546541	1.476454	3.348778	-2.326822	-5.319460	0.170928	3.263758	0.004503	2.334745	-1.611718	9.991009	0.154425	-4.922422	3.910078	-3.627194	9.115009	-3.787433	-6.607129	8.802329	-7.024860	-4.721698	-9.889710	-4.283958	6.391604	-4.221337	
5.673152	-7.255408	-9.733473	-8.683071	-0.961824	0.985287	6.965488	6.090580	-4.269215	4.237709	1.520210	-5.739555	9.745420	3.132528	1.825069	-0.717946	-7.828406	0.079363	4.690571	-2.511387	9.988881	9.267255	-1.967482	2.244449	8.204113	0.662754	9.131325	-9.962783	-5.313704	0.221005	-7.396693	-8.758882	4.902045	4.433231	-3.690546	0.897184	
2.690538	1.242105	0.921520	3.775135	-6.799479	9.731852	6.998540	3.078248	3.134733	-6.694112	4.901537	9.719763	-4.304811	0.628315	-0.580808	3.547364	-6.841961	8.712543	6.685441	3.594288	2.243222	6.564008	3.024904	5.108647	4.783818	3.732641	-3.453571	0.204789	5.637339	8.840132	-2.478816	-7.688033	-4.117261	7.279587	7.482791	-7.024255	
9.453850	9.522890	8.847966	-7.062931	-1.099137	-7.062690	6.466588	3.589649	4.776926	9.905545	9.689853	3.021709	3.006635	6.455248	8.414672	4.054421	-3.215727	0.484465	-7.948574	-0.066750	0.314965	4.090917	-4.793462	0.837120	-4.124976	6.691825	8.294595	8.039803	2.543709	-9.784151	-6.920283	6.946407	-0.883385	-8.600270	4.907051	9.242462	
6.221866	1.505384	7.158614	1.241104	-8.503234	2.693142	-0.025218	-4.466726	1.807346	-1.929904	-6.148146	-1.319462	0.704527	3.796772	2.471407	4.559376	8.598320	5.351522	-8.110377	-9.643536	-5.747534	-9.617434	-1.578108	8.438145	3.160145	-5.726903	6.166868	-6.611057	2.246967	-3.233720	-7.506539	4.576102	8.031338	-3.512616	-6.561702	6.307234	

Matrice B di dimensione 36 x 36:
-8.861964	4.055401	7.583942	6.712976	3.027366	5.744368	-3.517013	1.303345	7.368736	3.976879	3.973985	2.271298	4.970471	7.106308	1.986923	-9.879927	2.982821	-9.524333	8.377072	4.204056	3.941593	2.882635	2.795331	8.870581	6.740319	-9.634959	-0.602420	-2.567888	5.144505	3.046488	7.477417	-6.939094	5.673152	2.690538	9.453850	6.221866	
9.808061	8.142207	4.736855	7.881764	6.981953	6.290949	7.386679	-9.258613	2.608016	1.148295	-0.197499	7.023393	-7.771039	-2.824400	9.209819	7.573667	-5.861658	3.384010	-8.266387	5.384568	5.728494	-1.369384	8.824421	6.739986	-5.379061	0.871538	5.295065	3.101605	-5.588234	6.840120	-5.791292	5.547312	-7.255408	1.242105	9.522890	1.505384	
0.501472	8.330460	-8.930899	2.570033	-5.038017	3.135598	-7.524910	2.769261	4.082472	6.811243	9.289426	9.296515	-1.820286	-5.560104	3.975940	-7.487678	8.364632	3.994666	6.507512	-5.380523	-2.690391	1.353528	4.000675	4.224530	-4.644287	-6.493964	-9.800611	1.274128	-1.912765	0.166806	0.894595	1.823588	-9.733473	0.921520	8.847966	7.158614	
-2.191305	7.498913	8.411705	4.940882	5.321686	1.984002	-0.835191	-1.896863	7.321937	0.279947	8.031835	-2.200278	0.061170	-1.942226	8.062820	1.392177	0.026677	6.774522	-2.786759	2.222106	9.667221	6.714624	5.079133	2.472214	0.142453	-2.167433	8.751612	-3.535645	4.147520	7.340371	1.222153	-2.405100	-8.683071	3.775135	-7.062931	1.241104	
2.949749	5.310021	-6.560572	-8.103362	0.204842	5.380143	8.472330	8.398633	0.248705	6.373996	-8.238719	1.093976	9.984559	-5.183028	0.800623	-3.902784	-1.701725	-9.911090	2.556996	9.670230	-0.325274	-2.165829	2.288327	8.240289	2.664538	-5.127069	5.826504	8.663458	-8.530083	8.128491	5.058475	8.668021	-0.961824	-6.799479	-1.099137	-8.503234	
9.989668	-8.466461	-1.120849	-6.214797	-0.685328	4.900408	2.891073	-4.532140	-3.154660	2.431646	-9.685614	9.067913	4.564302	-5.579333	-8.634940	6.496706	3.863124	5.424127	8.896323	-8.048926	-5.134774	7.555343	8.388014	4.028304	1.877490	3.472134	6.667150	5.353187	2.280382	1.823814	-0.011833	-8.716679	0.985287	9.731852	-7.062690	2.693142	
-8.296288	-4.086034	-6.179250	0.135212	2.640445	4.763500	-8.639248	5.059437	4.048158	3.455651	-0.847588	-2.715827	1.256047	9.830576	4.630827	6.997916	-3.001058	8.953027	3.863405	8.727032	5.849558	8.924408	3.532743	3.282114	7.446497	4.079272	9.811679	5.373100	-0.975863	-0.513498	1.631615	-5.403888	6.965488	6.998540	6.466588	-0.025218	
-3.964767	0.101998	5.409948	8.655768	1.824367	7.594636	-7.998412	6.877722	6.875260	8.528234	4.449121	-5.484731	-2.336011	3.075109	9.703244	7.671381	4.601806	-2.134454	6.294627	9.259454	9.132346	-1.802551	9.115118	-0.028477	0.713146	4.282657	-8.018680	0.081918	5.086945	-5.851841	-9.611590	7.935685	6.090580	3.078248	3.589649	-4.466726	
9.811759	7.827755	2.680658	-1.888095	-4.075526	8.593838	6.620301	-7.055378	-5.878853	7.120148	6.407346	4.629578	-4.253915	1.158550	-2.527674	1.588576	-4.054817	-4.444970	-5.394228	7.100686	2.567227	8.683843	3.734812	5.791070	-0.699472	7.873483	2.486384	8.394971	-3.339073	2.532409	7.216358	0.263073	-4.269215	3.134733	4.776926	1.807346	
6.431290	-2.158978	-9.764475	9.875009	2.264685	5.195353	7.718449	-8.944752	2.389271	0.270361	2.639185	3.404165	8.793629	4.517273	-0.361673	9.993211	6.156701	2.788405	1.791247	6.493950	8.162726	3.982536	9.622875	5.836528	-1.251682	-9.826658	2.755162	3.264168	3.694241	1.801364	2.748037	-7.925173	4.237709	-6.694112	9.905545	-1.929904	
1.046501	0.338138	3.913080	1.658204	-3.533116	5.623828	-6.618517	6.336163	3.793627	-8.688698	6.642384	-8.618860	-6.629460	-9.067741	-8.161164	3.280593	7.783521	-6.054201	6.097517	3.846261	-8.873979	-1.774975	-9.541608	4.923223	7.170004	-8.489445	2.743989	-1.665635	-2.394757	9.140275	-9.786242	-7.289460	1.520210	4.901537	9.689853	-6.148146	
6.183449	9.851073	-9.883836	7.211907	5.291769	6.728057	9.437613	-0.687793	-1.285487	1.880261	-7.323616	-2.367980	1.506513	0.220731	0.268740	1.261369	4.601782	4.706159	-7.132650	-8.949034	-1.983937	0.859274	-8.148970	-3.054519	2.401147	2.894228	-4.592303	8.631640	5.799740	6.483658	7.374117	-1.546541	-5.739555	9.719763	3.021709	-1.319462	
-5.362886	5.223677	4.904621	2.885153	2.142200	8.354262	2.051927	7.383071	8.541713	-8.704475	7.415289	-3.128578	-8.886837	3.114353	-5.888635	7.797019	7.917219	7.192533	-2.384781	6.994198	4.350667	4.991366	-9.071853	4.645329	-7.999699	3.721517	-5.632041	-9.068732	-9.973412	5.624211	-1.230678	1.476454	9.745420	-4.304811	3.006635	0.704527	
9.003739	4.383024	8.262987	9.077178	4.554527	9.960644	2.393520	5.238384	3.949453	8.282485	7.675921	-7.775992	7.329376	5.851780	0.186482	7.114330	9.362601	-0.175397	-6.956936	2.417003	9.021451	9.835733	6.789872	8.739752	-7.928432	6.482931	3.500358	6.047906	-7.590208	5.850308	3.830707	3.348778	3.132528	0.628315	6.455248	3.796772	
6.176576	-7.554202	-4.903304	5.083810	-9.308399	2.191133	-2.229607	-8.356521	-7.734800	3.088565	-1.666273	-1.245780	6.424402	2.455486	-7.886271	7.602130	9.033448	-9.207524	6.002135	-4.820517	3.337138	-3.742210	1.697267	8.003786	8.592693	8.955997	6.403073	1.591220	-7.397814	0.269389	8.225295	-2.326822	1.825069	-0.580808	8.414672	2.471407	
0.200551	-3.275497	6.864112	0.058306	1.303148	-5.346646	0.409423	-0.280146	-1.048005	-5.715261	-5.944991	8.637469	6.048335	1.347219	0.098403	8.223210	1.760111	2.659356	7.943513	-6.583612	-3.093024	6.016457	7.476063	-7.632973	7.068302	2.473933	2.733885	-3.026771	1.253491	-8.085627	4.579851	-5.319460	-0.717946	3.547364	4.054421	4.559376	
0.764864	0.290577	9.464133	0.767210	-8.729622	-5.911162	-6.532518	1.098725	1.105632	-5.447408	9.517690	8.986877	-5.283012	6.982465	-7.316885	6.089193	-7.274228	1.784208	9.114074	-1.107604	6.583674	7.104369	4.182529	9.472476	-8.016934	7.752727	7.758633	6.913514	2.645514	-8.356977	-6.076779	0.170928	-7.828406	-6.841961	-3.215727	8.598320	
-5.124130	-7.942343	6.386343	8.450093	3.913839	-8.710177	6.151929	4.551828	1.443106	-6.770376	6.175573	0.318844	2.582945	3.834043	-1.980499	9.938796	5.280889	4.961834	7.154165	5.490524	4.901928	5.237651	9.722327	5.780837	8.270070	-5.540458	7.982453	9.617969	2.267330	5.540051	3.050750	3.263758	0.079363	8.712543	0.484465	5.351522	
-6.796465	3.646674	8.054965	1.434084	7.812667	3.407631	-3.820018	7.161896	-2.628059	3.932136	-5.276305	6.197715	5.718699	9.081785	4.176942	6.081624	-8.228344	-9.133173	6.622929	5.536601	5.050711	5.315998	-9.813587	7.624252	-5.065883	9.302551	2.441965	-8.131591	8.957365	3.137093	0.520138	0.004503	4.690571	6.685441	-7.948574	-8.110377	
-3.862297	3.805890	-5.916811	9.501571	9.010811	-9.654614	-2.915534	7.952211	-9.953593	1.606459	-0.055368	-6.602684	-3.133973	0.975263	-6.824109	2.111795	-4.768578	0.769596	7.918794	7.175128	-7.960898	-7.485651	7.205987	6.242099	-2.310087	6.451490	-9.235712	7.824933	3.150845	-9.682210	-8.701689	2.334745	-2.511387	3.594288	-0.066750	-9.643536	
4.572399	9.779866	1.540252	9.553353	1.297330	-2.229962	1.548195	-2.600779	0.411460	2.091496	7.913804	4.121742	7.677659	7.502715	8.530071	-2.094065	-0.579090	4.357276	-8.059881	-2.030400	9.914386	9.876791	-6.604457	-5.297126	6.037795	6.508340	-0.677421	-9.953734	-9.877560	0.584394	4.210494	-1.611718	9.988881	2.243222	0.314965	-5.747534	
7.722167	-4.531871	5.656043	3.854200	7.679459	-5.682039	8.488810	4.906139	9.641161	8.588449	1.607243	-3.360656	0.182414	-5.915318	-0.540993	-9.699157	4.296263	8.379414	5.703958	-2.423661	9.340127	-0.929740	9.913529	-8.384471	2.056979	7.036013	-0.700047	1.754161	7.675984	7.344103	-4.277442	9.991009	9.267255	6.564008	4.090917	-9.617434	
-1.909616	2.313389	-7.340277	-9.154120	-5.585245	-6.150030	-6.576799	-7.486241	3.755331	0.090001	-4.594368	3.959390	4.231420	7.984270	0.691507	5.793432	5.489389	5.742118	4.874931	3.897801	0.112335	-9.258272	-5.427045	6.913174	5.082585	7.907179	-1.932287	-4.648512	-4.196492	-8.299460	-0.613147	0.154425	-1.967482	3.024904	-4.793462	-1.578108	
8.125523	9.265988	-5.525335	0.726375	7.812627	9.954985	-7.642904	-3.418875	3.028000	7.106526	6.045422	9.187278	1.044222	-0.124772	8.176892	5.945341	5.678120	2.615462	6.031035	9.223433	1.228516	-4.108009	-4.970000	0.449545	9.051770	-5.356155	1.629647	8.357020	-0.676118	0.676282	1.038006	-4.922422	2.244449	5.108647	0.837120	8.438145	
9.973690	1.724224	-4.171859	-2.917760	5.671502	1.102285	5.131095	-1.013430	4.671968	3.515063	8.250202	3.941334	0.843274	8.530530	1.722988	-6.212701	-4.613818	-1.442689	6.359743	6.230637	-8.811778	3.982009	-8.971370	2.187366	2.950490	3.367368	3.006216	1.949465	-6.744809	6.898232	-6.536275	3.910078	8.204113	4.783818	-4.124976	3.160145	
-0.115799	0.858274	9.213289	2.831633	8.771804	2.330315	0.207652	-8.900530	1.798036	9.676728	-5.687226	-9.339970	3.275059	4.310443	-4.418618	-8.061818	3.778808	4.722649	-1.977398	-1.950031	-1.715933	-8.141955	-1.364244	-0.116006	2.472057	2.141999	-4.911001	-2.393570	-5.635047	5.197373	6.073676	-3.627194	0.662754	3.732641	6.691825	-5.726903	
-1.789936	-4.753132	7.989305	-6.441728	9.111721	7.844348	6.322584	6.835037	-0.435712	9.213676	9.162073	-1.080329	8.903779	0.486033	3.096321	5.420753	3.574801	3.132679	4.201265	8.479474	-7.508908	1.960173	5.863655	6.735009	-9.083210	3.778197	1.056783	-0.794423	9.144198	-9.132187	2.469593	9.115009	9.131325	-3.453571	8.294595	6.166868	
9.310003	-6.942718	0.651955	1.786385	-0.515314	-2.238413	3.204026	-7.184188	-3.399617	0.338761	1.154134	-6.826788	7.762091	3.248347	6.659136	7.068012	8.219089	-9.417549	7.657723	0.127740	-0.419911	-9.220936	-8.645367	9.421638	4.795743	-3.696601	-3.501304	-4.637242	9.367296	2.864407	-6.087383	-3.787433	-9.962783	0.204789	8.039803	-6.611057	
-9.897336	6.717436	-7.607581	-6.431447	-0.902785	0.851270	-9.218152	4.206829	8.852153	-5.734967	7.070009	8.709390	0.830830	6.616240	7.733165	-5.803462	3.377203	-7.492503	3.101176	-2.991248	4.933247	-7.256459	2.577259	0.590915	-0.289731	-9.193801	-3.575339	-5.481380	-8.697424	1.527326	8.037670	-6.607129	-5.313704	5.637339	2.543709	2.246967	
2.607555	9.857830	5.574483	-0.500249	1.190194	9.985630	5.790215	0.380537	4.016367	0.278136	6.946531	4.203571	0.304075	-6.663171	5.964754	5.484641	7.258336	9.493753	7.509209	2.248276	8.593336	8.220722	8.727170	-2.206645	-2.965961	-8.553565	2.693322	5.775682	-8.449473	5.960348	0.491221	8.802329	0.221005	8.840132	-9.784151	-3.233720	
8.031320	8.771403	-7.802674	-4.418653	2.933417	0.152714	9.538670	6.657753	-2.185741	9.137249	2.161507	8.364284	3.903006	4.813720	9.418837	7.955797	2.417509	1.069628	3.645363	2.096293	2.089891	3.563592	8.692917	9.946614	5.510930	9.449055	9.325667	9.568199	-0.015512	2.410658	6.016233	-7.024860	-7.396693	-2.478816	-6.920283	-7.506539	
7.148397	4.425307	-7.182439	9.747475	4.046460	0.189356	4.984872	6.237489	-5.863944	-1.655010	8.664059	-7.355847	-9.511140	8.473208	-7.180847	9.841196	-4.295330	3.540835	0.315689	3.550739	1.132547	-6.106938	-8.791092	9.334661	0.874309	1.285994	6.527634	0.919951	-9.258705	-1.014460	9.706034	-4.721698	-8.758882	-7.688033	6.946407	4.576102	
-0.632187	0.902601	-3.613233	-6.256694	0.715157	-2.990484	6.792991	5.735614	5.249129	4.251922	-5.543401	-1.889300	5.421621	-7.392243	5.087097	7.869136	6.336199	3.306472	5.990842	3.815751	2.756392	-7.826721	-2.881779	0.653484	5.668286	6.228641	7.933272	-8.293801	9.953784	8.921217	7.161365	-9.889710	4.902045	-4.117261	-0.883385	8.031338	
-5.585585	-0.820460	9.156213	-2.578911	9.991355	8.810531	-3.521143	1.836397	-1.558164	1.539291	-3.191286	5.836446	8.904803	0.216098	-2.440228	-2.471852	8.880815	0.342778	-5.803633	7.852327	8.829251	7.454217	5.223757	6.357342	-1.090568	3.333038	0.849093	3.625634	3.852508	-1.009735	3.866464	-4.283958	4.433231	7.279587	-8.600270	-3.512616	
3.492720	6.812034	-4.820892	-5.643050	3.833927	-3.948834	3.068229	5.876253	2.090222	5.565795	2.739049	0.007957	9.777626	-3.020527	7.877581	5.777039	7.160101	3.683256	5.818537	-0.256789	0.128513	1.483701	9.876024	4.373840	1.372277	-6.582528	1.244686	-5.478788	-2.565100	0.388317	1.067884	6.391604	-3.690546	7.482791	4.907051	-6.561702	
7.426766	5.016488	4.331364	-7.977659	2.817667	6.699515	4.354339	-0.042091	2.797651	6.102549	4.246556	7.644396	1.586638	1.753338	-0.718669	3.248698	-9.495643	-7.920850	-5.501811	5.147598	4.217229	4.084570	4.040309	7.645294	8.307711	-8.104282	6.074195	1.590171	-2.213756	0.204238	-2.595996	-4.221337	0.897184	-7.024255	9.242462	6.307234	

Risultato:
Matrice C di dimensione 36 x 36:
1444.649525	253.926455	-264.876432	118.177800	69.741877	303.254823	792.274309	-468.848908	-193.980802	496.920814	162.963145	172.910834	130.247310	-141.432365	19.360430	393.086930	101.490596	69.067435	-99.303293	-77.418268	0.329190	125.348487	107.321935	275.747725	187.193947	193.302648	378.036510	497.228086	-278.104284	391.034063	7.114566	26.182457	-263.314706	-62.620583	316.219961	-0.080643	
253.926455	1287.064672	-199.039131	137.431432	300.795823	506.769214	118.758347	180.148592	275.425277	337.879473	491.687348	371.613621	-109.609962	101.479710	568.818618	3.811084	-18.231873	120.120402	-256.340636	291.627443	356.387470	196.247024	-63.379902	267.526242	-82.255693	-114.199907	-45.287523	90.557837	-531.431335	341.828447	260.328733	55.922684	-308.895725	134.801273	8.026547	-64.474901	
-264.876432	-199.039131	1577.118148	217.788037	311.372684	228.381405	-36.014983	60.618079	243.850252	-35.728635	262.876423	-120.523136	-19.574437	5.357929	-102.700389	-19.830229	-55.309563	-3.291893	-111.552833	186.985987	430.908502	565.552741	298.663683	13.023331	-317.383556	172.175069	125.764038	-218.649643	271.921519	65.988580	-249.868980	285.888192	381.395751	161.658856	-63.628412	72.620203	
118.177800	137.431432	217.788037	1303.272325	298.089237	76.328349	35.190269	-52.439952	-10.411344	-39.121012	410.485942	-442.997931	-237.516139	306.404852	-54.363109	254.346538	150.613908	203.555441	-108.278389	76.154745	453.329068	163.652043	91.895389	95.348503	-60.755679	83.044261	-158.931550	157.245300	-21.075219	159.701552	-32.467441	36.852664	27.706861	138.039868	505.929917	-90.544715	
69.741877	300.795823	311.372684	298.089237	1027.561018	332.640469	350.315823	299.238413	174.253805	467.776999	98.229219	-92.837650	285.902855	170.947834	326.831821	111.753795	76.144348	296.776696	-30.374395	507.928787	205.496631	145.126123	241.469337	178.066379	-10.038901	74.435372	47.236099	133.866306	216.420558	252.771132	74.062505	117.885687	326.544395	386.965566	80.007733	-236.957698	
303.254823	506.769214	228.381405	76.328349	332.640469	1310.354141	95.537272	-1.204789	277.551017	475.365647	310.748620	171.206443	123.410084	1.625046	219.119722	242.531403	348.952882	-98.987182	-221.610659	510.551503	355.982314	479.513608	76.731507	446.862921	-129.835628	-189.836078	143.520289	283.271910	-271.547310	443.602131	235.608231	-47.487663	283.725912	156.743099	333.468287	155.372784	
792.274309	118.758347	-36.014983	35.190269	350.315823	95.537272	1271.961988	-46.084474	-117.020854	298.535290	-85.382648	-51.405137	257.442824	-207.450712	43.052961	257.513730	13.341050	211.553300	-251.279285	51.099819	58.699670	207.011183	278.801385	103.525277	-9.109497	108.365474	385.939795	310.340172	18.429491	520.906673	295.820043	239.720934	1.419432	-158.440106	80.500559	-151.718428	
-468.848908	180.148592	60.618079	-52.439952	299.238413	-1.204789	-46.084474	1170.409315	206.068348	50.311650	284.407533	-204.060774	-29.689652	-23.704466	76.872989	105.094056	36.242063	4.939244	343.840128	371.011629	16.535245	143.955727	121.047095	183.465332	-156.499311	59.611358	32.572303	20.483762	116.012863	25.589219	-40.224221	254.873621	247.862692	8.622556	-87.330177	-158.447730	
-193.980802	275.425277	243.850252	-10.411344	174.253805	277.551017	-117.020854	206.068348	849.163900	73.330449	399.683299	92.607622	15.284449	6.676262	427.508731	-139.752963	333.133972	260.504347	139.281854	218.827042	448.674788	143.404351	163.605173	-56.539914	39.216643	-323.998935	13.385997	-246.851383	-75.696242	394.511883	-77.992726	78.626132	318.315757	181.246097	169.178595	138.277774	
496.920814	337.879473	-35.728635	-39.121012	467.776999	475.365647	298.535290	50.311650	73.330449	1132.253556	39.416010	73.325810	534.556165	78.342293	448.644528	-37.984721	160.646306	5.493709	97.362400	335.559189	222.754348	78.501141	452.639652	337.294966	111.262567	336.769480	75.115730	305.452959	139.200792	146.474842	233.940238	206.526820	194.213531	148.883332	252.162110	-154.294467	
162.963145	491.687348	262.876423	410.485942	98.229219	310.748620	-85.382648	284.407533	399.683299	39.416010	1356.183726	81.011941	-276.949115	309.474525	258.171484	208.397050	163.175391	135.973247	153.705503	443.592468	381.778617	393.132589	160.244906	428.249813	-187.072978	-257.606766	86.528876	64.682625	-360.865720	78.087240	-104.282774	190.590668	-4.631343	-59.685066	425.749676	358.861941	
172.910834	371.613621	-120.523136	-442.997931	-92.837650	171.206443	-51.405137	-204.060774	92.607622	73.325810	81.011941	1281.403634	222.272314	102.671046	343.009345	85.713715	-170.534790	-10.255628	215.732507	-28.750099	221.109404	483.594147	401.020346	164.905184	64.324580	-80.693942	306.096754	211.551542	-88.546632	-135.387914	191.142155	-201.393209	-158.937370	136.543820	-335.946191	389.419883	
130.247310	-109.609962	-19.574437	-237.516139	285.902855	123.410084	257.442824	-29.689652	15.284449	534.556165	-276.949115	222.272314	1187.498115	169.287466	365.944838	152.619045	498.183594	-164.695395	284.735032	94.355519	220.520587	200.439590	365.376547	282.424839	331.894024	16.749082	239.773405	-44.980497	257.420424	72.160999	451.537087	-113.059965	314.819179	235.546287	18.026234	-194.633277	
-141.432365	101.479710	5.357929	306.404852	170.947834	1.625046	-207.450712	-23.704466	6.676262	78.342293	309.474525	102.671046	169.287466	1067.158417	98.562624	276.086360	-204.512846	-114.470636	62.321700	302.897331	332.925162	182.903253	-223.054300	468.431729	95.218246	382.422622	116.459508	-53.352617	-200.632974	-248.002322	249.015538	-228.072373	135.660125	-7.255341	145.230491	89.476561	
19.360430	568.818618	-102.700389	-54.363109	326.831821	219.119722	43.052961	76.872989	427.508731	448.644528	258.171484	343.009345	365.944838	98.562624	1198.855356	98.268220	133.111326	89.482122	28.198997	263.522188	464.459172	67.651093	252.208882	-45.172404	121.579132	-184.382322	33.747106	-195.293991	117.392646	183.627468	64.142657	155.897981	-56.109200	242.731230	-35.657162	-109.304127	
393.086930	3.811084	-19.830229	254.346538	111.753795	242.531403	257.513730	105.094056	-139.752963	-37.984721	208.397050	85.713715	152.619045	276.086360	98.268220	1593.270875	291.940517	278.642827	383.473666	476.021788	353.827849	251.037289	290.886232	723.542652	119.453936	326.334232	637.917242	233.897047	41.095756	-75.563721	48.462489	-220.199601	-118.558455	-8.351673	207.335302	169.271490	
101.490596	-18.231873	-55.309563	150.613908	76.144348	348.952882	13.341050	36.242063	333.133972	160.646306	163.175391	-170.534790	498.183594	-204.512846	133.111326	291.940517	1249.522451	252.424486	370.217112	-15.999563	222.603891	-61.634424	235.792767	185.001642	197.160739	-183.140605	-147.852941	-44.155509	-4.143935	313.329661	266.611136	-113.466160	161.914020	399.221051	300.193736	-57.303080	
69.067435	120.120402	-3.291893	203.555441	296.776696	-98.987182	211.553300	4.939244	260.504347	5.493709	135.973247	-10.255628	-164.695395	-114.470636	89.482122	278.642827	252.424486	1217.346626	-35.921007	-74.593672	215.586830	305.791370	361.725126	-339.029350	-157.977346	244.473662	78.350935	125.041980	-52.136532	-7.089761	14.889044	164.303216	104.500926	301.387094	-220.166018	80.158743	
-99.303293	-256.340636	-111.552833	-108.278389	-30.374395	-221.610659	-251.279285	343.840128	139.281854	97.362400	153.705503	215.732507	284.735032	62.321700	28.198997	383.473666	370.217112	-35.921007	1334.618426	184.275987	-152.055606	-152.605407	302.111408	403.508896	326.055028	-67.936978	155.704007	102.312180	345.804839	-125.934396	-162.013069	-73.454589	43.267776	321.004469	33.929307	18.806621	
-77.418268	291.627443	186.985987	76.154745	507.928787	510.551503	51.099819	371.011629	218.827042	335.559189	443.592468	-28.750099	94.355519	302.897331	263.522188	476.021788	-15.999563	-74.593672	184.275987	1181.663399	327.212407	138.191133	150.759553	703.064757	34.052025	8.682005	276.861823	239.935021	-32.852649	118.130982	-122.580904	157.029370	386.084288	-47.737725	170.252580	-67.886431	
0.329190	356.387470	430.908502	453.329068	205.496631	355.982314	58.699670	16.535245	448.674788	222.754348	381.778617	221.109404	220.520587	332.925162	464.459172	353.827849	222.603891	215.586830	-152.055606	327.212407	1257.709920	517.750233	535.365852	238.395360	3.344550	114.662622	348.184551	17.907934	-100.373327	299.880636	273.085388	23.868668	164.280353	122.102261	20.689004	-38.442278	
125.348487	196.247024	565.552741	163.652043	145.126123	479.513608	207.011183	143.955727	143.404351	78.501141	393.132589	483.594147	200.439590	182.903253	67.651093	251.037289	-61.634424	305.791370	-152.605407	138.191133	517.750233	1308.947859	517.520953	129.019482	-178.918008	150.871997	481.696313	303.097220	-98.382329	154.945468	130.178453	65.051285	340.984686	277.739518	-211.983502	169.287504	
107.321935	-63.379902	298.663683	91.895389	241.469337	76.731507	278.801385	121.047095	163.605173	452.639652	160.244906	401.020346	365.376547	-223.054300	252.208882	290.886232	235.792767	361.725126	302.111408	150.759553	535.365852	517.520953	1782.697919	215.886766	-106.303427	-109.761592	326.357374	656.677558	173.907795	-157.781127	54.713409	328.126629	-85.695197	238.296965	140.508265	14.597674	
275.747725	267.526242	13.023331	95.348503	178.066379	446.862921	103.525277	183.465332	-56.539914	337.294966	428.249813	164.905184	282.424839	468.431729	-45.172404	723.542652	185.001642	-339.029350	403.508896	703.064757	238.395360	129.019482	215.886766	1379.661612	17.798858	100.039588	477.520396	351.698059	-112.739430	135.790548	159.106295	-203.740505	-272.839701	-107.215666	402.693750	93.966186	
187.193947	-82.255693	-317.383556	-60.755679	-10.038901	-129.835628	-9.109497	-156.499311	39.216643	111.262567	-187.072978	64.324580	331.894024	95.218246	121.579132	119.453936	197.160739	-157.977346	326.055028	34.052025	3.344550	-178.918008	-106.303427	17.798858	1049.094709	-172.148960	333.592408	68.784168	-16.823976	211.889585	230.447908	-511.323995	87.418009	277.874756	207.079573	-24.246850	
193.302648	-114.199907	172.175069	83.044261	74.435372	-189.836078	108.365474	59.611358	-323.998935	336.769480	-257.606766	-80.693942	16.749082	382.422622	-184.382322	326.334232	-183.140605	244.473662	-67.936978	8.682005	114.662622	150.871997	-109.761592	100.039588	-172.148960	1448.441459	139.237515	41.593942	130.247142	-267.035980	50.603171	101.699851	247.716950	37.225578	-345.889683	-176.816813	
378.036510	-45.287523	125.764038	-158.931550	47.236099	143.520289	385.939795	32.572303	13.385997	75.115730	86.528876	306.096754	239.773405	116.459508	33.747106	637.917242	-147.852941	78.350935	155.704007	276.861823	348.184551	481.696313	326.357374	477.520396	333.592408	139.237515	1095.613355	342.513271	-70.836612	335.077530	313.569643	-294.467518	-32.931159	-53.039038	-103.796022	282.290101	
497.228086	90.557837	-218.649643	157.245300	133.866306	283.271910	310.340172	20.483762	-246.851383	305.452959	64.682625	211.551542	-44.980497	-53.352617	-195.293991	233.897047	-44.155509	125.041980	102.312180	239.935021	17.907934	303.097220	656.677558	351.698059	68.784168	41.593942	342.513271	1215.049783	-47.766377	51.000910	40.478464	149.694962	-286.774615	155.193447	-29.906510	81.353985	
-278.104284	-531.431335	271.921519	-21.075219	216.420558	-271.547310	18.429491	116.012863	-75.696242	139.200792	-360.865720	-88.546632	257.420424	-200.632974	117.392646	41.095756	-4.143935	-52.136532	345.804839	-32.852649	-100.373327	-98.382329	173.907795	-112.739430	-16.823976	130.247142	-70.836612	-47.766377	1344.522274	-215.883511	-243.003354	-122.202835	67.377474	99.056167	-135.104718	-27.538054	
391.034063	341.828447	65.988580	159.701552	252.771132	443.602131	520.906673	25.589219	394.511883	146.474842	78.087240	-135.387914	72.160999	-248.002322	183.627468	-75.563721	313.329661	-7.089761	-125.934396	118.130982	299.880636	154.945468	-157.781127	135.790548	211.889585	-267.035980	335.077530	51.000910	-215.883511	1099.864351	207.675745	-85.771565	77.003214	264.280701	115.575288	-149.504096	
7.114566	260.328733	-249.868980	-32.467441	74.062505	235.608231	295.820043	-40.224221	-77.992726	233.940238	-104.282774	191.142155	451.537087	249.015538	64.142657	48.462489	266.611136	14.889044	-162.013069	-122.580904	273.085388	130.178453	54.713409	159.106295	230.447908	50.603171	313.569643	40.478464	-243.003354	207.675745	1078.804822	-393.521798	-66.046852	4.599152	110.699376	265.386892	
26.182457	55.922684	285.888192	36.852664	117.885687	-47.487663	239.720934	254.873621	78.626132	206.526820	190.590668	-201.393209	-113.059965	-228.072373	155.897981	-220.199601	-113.466160	164.303216	-73.454589	157.029370	23.868668	65.051285	328.126629	-203.740505	-511.323995	101.699851	-294.467518	149.694962	-122.202835	-85.771565	-393.521798	1133.123283	149.205160	32.185126	-109.808510	-273.837832	
-263.314706	-308.895725	381.395751	27.706861	326.544395	283.725912	1.419432	247.862692	318.315757	194.213531	-4.631343	-158.937370	314.819179	135.660125	-56.109200	-118.558455	161.914020	104.500926	43.267776	386.084288	164.280353	340.984686	-85.695197	-272.839701	87.418009	247.716950	-32.931159	-286.774615	67.377474	77.003214	-66.046852	149.205160	1274.914996	123.776319	30.780848	-74.736570	
-62.620583	134.801273	161.658856	138.039868	386.965566	156.743099	-158.440106	8.622556	181.246097	148.883332	-59.685066	136.543820	235.546287	-7.255341	242.731230	-8.351673	399.221051	301.387094	321.004469	-47.737725	122.102261	277.739518	238.296965	-107.215666	277.874756	37.225578	-53.039038	155.193447	99.056167	264.280701	4.599152	32.185126	123.776319	1091.206023	-187.210379	-262.511900	
316.219961	8.026547	-63.628412	505.929917	80.007733	333.468287	80.500559	-87.330177	169.178595	252.162110	425.749676	-335.946191	18.026234	145.230491	-35.657162	207.335302	300.193736	-220.166018	33.929307	170.252580	20.689004	-211.983502	140.508265	402.693750	207.079573	-345.889683	-103.796022	-29.906510	-135.104718	115.575288	110.699376	-109.808510	30.780848	-187.210379	1468.039820	224.189704	
-0.080643	-64.474901	72.620203	-90.544715	-236.957698	155.372784	-151.718428	-158.447730	138.277774	-154.294467	358.861941	389.419883	-194.633277	89.476561	-109.304127	169.271490	-57.303080	80.158743	18.806621	-67.886431	-38.442278	169.287504	14.597674	93.966186	-24.246850	-176.816813	282.290101	81.353985	-27.538054	-149.504096	265.386892	-273.837832	-74.736570	-262.511900	224.189704	1119.174186	
