
Matrice A di dimensione 36 x 36:
-8.750977	5.327916	-2.736992	8.058727	4.736478	4.700674	0.725128	4.052701	-3.243562	2.349052	2.434185	-5.265016	8.199440	3.583899	1.585597	0.107553	3.141136	5.075431	7.178147	5.993224	9.236124	3.011250	8.500427	9.048477	6.350808	-0.200624	-5.348390	1.259021	8.604981	4.531114	-5.357295	2.792223	5.915203	-1.587648	-5.887227	-5.970827
8.840979	4.305569	8.227691	5.457980	1.047711	-8.387987	5.242883	9.860564	-8.812026	8.485618	5.850106	2.893204	9.713970	4.741251	-3.039350	6.057595	-1.149449	3.327438	8.471080	-4.275768	-1.478506	7.143949	-6.433386	4.416280	6.278589	0.827104	5.526483	-3.406987	0.022991	7.282370	0.920182	5.112688	3.321289	-3.245260	-0.660170	-6.426875
5.544820	-8.441903	6.351105	4.065391	0.349316	-3.519828	8.089516	-0.605890	6.755520	4.877040	7.223209	-5.252707	7.930460	0.568020	8.430996	0.440307	9.011459	8.096637	1.984657	-5.837920	4.220810	6.202240	5.887692	-7.344804	7.818381	4.231298	-3.266628	8.018748	0.611392	1.171811	3.268146	-2.639773	4.150014	4.848014	5.694351	6.531339
7.728640	9.037446	7.746040	-5.115902	8.303260	-2.104946	6.341445	2.606075	6.009791	-5.531932	-9.676615	-9.068499	0.971972	0.340398	1.066436	-3.736289	-6.720116	5.102152	0.252162	-1.172674	2.451805	-2.408219	4.001976	3.725327	-1.742514	2.808290	-2.399193	9.761455	1.983883	2.650977	-3.449594	-8.966002	-7.345266	6.019426	4.187735	2.816085
7.798735	1.685862	1.459581	-4.623102	-2.014392	-3.734591	6.232290	-6.124810	-3.027961	-3.510303	2.540544	8.178063	4.916826	-9.218417	5.208207	-5.457169	1.903039	5.158331	-5.340033	7.498818	-3.233209	1.314565	5.780228	-1.078899	-3.152408	5.598675	5.860220	6.061099	7.058408	-8.631840	4.035481	4.341853	-1.833221	-6.105078	7.914566	-9.013666
3.407454	6.131142	8.025099	9.267487	5.586550	1.292159	2.186630	-0.292995	9.678347	-2.819807	-6.340539	1.845266	5.078370	-0.740116	5.514240	-2.796505	5.304788	-9.627298	-4.876426	-1.032608	-9.776786	7.972326	2.985068	0.561202	1.875141	5.436318	-6.155014	3.014309	7.812719	8.845279	3.186865	-3.810513	-0.292528	4.019976	-5.901978	9.000703
1.070179	7.503992	7.601003	4.469698	-2.198686	2.632439	9.062884	1.558715	-2.447224	7.291856	4.755360	1.153374	5.474828	-1.561249	-3.228175	-0.022313	0.013385	-8.725497	-4.455547	8.541151	3.759942	0.417950	2.585509	6.762329	1.157515	-9.196482	3.285998	-6.322820	1.184592	8.663610	-1.135641	7.854029	-7.365475	1.786264	-5.708031	-7.356795
9.499960	-2.180963	-1.085404	8.807813	-5.583476	-5.822409	1.574620	-3.188261	9.081481	-1.959015	-2.162584	3.367910	-3.804078	1.906668	-6.824817	7.460543	1.497603	2.492769	-1.176197	-5.779479	-5.151542	-1.452545	-5.608518	3.868280	3.050799	3.664049	9.565774	9.220055	-4.935100	7.625418	5.218096	-4.987826	9.513641	8.002867	1.038375	0.130418
-7.476670	3.325835	-6.061265	1.422717	-5.791331	-2.676291	-2.775995	-4.806491	2.597175	4.839926	-3.593016	7.063637	4.037243	9.656916	-3.202490	5.671602	-4.056788	9.343832	3.727408	5.727072	3.423626	-5.629733	8.021995	4.981044	2.582825	2.935375	3.866097	6.848245	7.919275	-2.648027	5.273636	8.162088	2.978414	5.619514	-4.403540	3.105929
8.643531	8.689782	-0.584004	2.406327	-6.779194	-3.038404	-6.492525	-0.693033	8.245159	-1.439601	-6.733111	-3.350969	7.607964	4.055662	-7.071874	-3.261085	-9.889177	6.171184	-8.175061	8.555465	4.362060	0.921584	7.764468	3.202878	6.418396	6.875607	-2.365269	5.843189	6.249145	-7.005324	6.342053	-8.739074	9.682948	6.114860	-6.735468	2.278673
2.057705	-8.325095	4.117245	-2.085504	9.494246	0.821968	-4.019707	0.432812	2.502688	1.682141	5.956538	2.641732	9.753355	5.762456	-0.462796	7.495275	7.618070	6.452233	-7.704710	-9.502205	9.621383	-0.960419	-2.331012	-4.568839	9.570528	-1.353532	4.764532	-9.492450	3.735055	1.420086	7.186990	2.968238	3.535484	-4.135620	1.479881	0.218317
1.017725	4.283976	-8.680427	-6.390137	4.002406	-3.464994	-9.918995	2.129742	0.188660	7.505507	-8.237240	7.264795	9.654122	0.661234	-4.741419	-9.185818	-5.224993	2.520847	-5.095880	7.287539	-5.388713	6.708968	4.150933	4.208751	-9.375307	-8.625705	8.734350	-0.903184	3.716201	9.477581	1.581200	2.274411	-5.454905	6.141396	-5.948956	-1.222646
8.259286	9.666999	4.824728	3.350266	6.664327	6.334588	9.779502	-5.332055	8.011780	4.007598	4.892787	3.701415	9.658289	5.780454	-0.219478	5.054361	0.953676	3.019118	2.077911	4.185854	3.645729	8.773217	8.297385	4.785531	8.181894	0.521099	7.575279	2.294804	-9.516724	0.835053	6.760486	4.895652	3.484325	5.429635	1.698370	-3.506667
4.962545	6.697773	3.328780	2.203459	6.855608	-5.515790	-0.291568	6.057693	8.874723	4.675370	7.408502	3.044547	-2.419896	-0.083737	5.491611	1.432456	4.571457	3.453134	-9.354794	-4.302795	0.182445	6.295153	-1.614684	0.586563	0.198794	-4.334394	3.946104	8.304825	-5.571899	4.464559	7.740281	2.976358	9.583500	9.252733	7.772066	3.532626
9.452483	3.421695	1.620489	1.729501	-1.468086	9.719585	4.835891	9.533371	-2.773588	0.325586	-0.957787	3.589940	3.029958	1.678049	6.925347	6.041751	2.877302	2.464318	3.959608	6.454721	-8.469698	-3.317519	6.307092	8.022640	1.295986	3.928513	7.487448	-0.232032	8.841966	-4.613860	9.140992	-4.934278	4.235785	9.948790	-4.166095	-8.233602
-8.790069	6.040238	9.788134	8.848143	5.451731	8.481911	5.598220	6.213819	-3.025673	-6.888095	-9.991994	6.985155	5.469684	4.660526	3.434922	-4.326484	3.862246	8.289771	-3.840612	4.582394	9.693313	-1.331273	-9.577667	-3.531662	4.458177	9.687855	0.562313	-8.634021	9.444672	0.439141	7.325011	2.193420	4.247166	7.495029	-3.662215	6.798191
-3.018130	-7.816270	2.922419	0.608123	-6.922812	8.375937	7.765347	3.472303	-6.973496	0.344447	7.819133	0.836098	0.895462	-4.302988	4.888269	-1.555627	9.748637	1.826253	-2.076015	6.320611	0.945726	9.634889	0.808517	-8.584889	8.828695	4.563823	4.896591	-0.211109	1.454665	-9.283848	-0.833660	4.588696	-7.761737	9.950311	-5.263599	2.906086
9.689034	-8.918386	-3.683032	1.004275	-8.853193	5.671105	-0.249239	7.938724	5.755007	0.437542	3.479027	0.178833	-9.997415	1.733370	6.822573	0.789231	7.599213	-5.992448	4.095030	-8.181503	8.407968	4.837385	0.995972	7.365333	8.425439	8.966749	8.417198	4.724239	8.582472	2.915126	2.027907	7.590483	3.702747	-7.901743	8.541377	-7.774725
5.276821	1.334341	5.225459	-4.621693	9.159777	-6.709267	2.637979	1.785302	3.161088	-1.643776	0.760410	1.529295	3.384388	-8.998962	-1.270524	2.202710	1.779148	5.160959	3.921478	4.653084	2.471297	3.300355	-1.441501	-9.907909	-6.029780	9.521773	0.465898	6.147003	3.176775	6.727995	1.655947	-2.307080	7.222486	8.864725	5.299822	7.281494
-8.842431	4.563378	-6.932432	-7.797962	-6.430215	-9.956079	-9.702784	8.732631	-2.533507	9.654342	0.046780	2.113559	8.957437	-9.618631	7.810387	4.193920	7.994601	5.804824	5.459496	-3.441839	4.859152	5.650585	-3.175224	9.043981	-4.751098	0.788970	6.447377	-3.079007	4.178460	-6.355532	7.032600	-6.334848	2.571550	-4.617504	5.026813	4.539079
-5.510693	5.193645	7.498576	7.875306	-6.148656	4.554521	9.414630	-1.357470	1.244862	9.251674	9.417033	-8.514980	6.847920	7.473471	6.115730	7.135029	0.971846	5.558874	4.043538	6.731880	8.307430	9.795544	4.349019	5.515003	-4.677185	0.091390	2.300576	-4.132243	-0.143192	2.815934	-0.517867	7.612666	-8.048288	2.952604	1.054910	-0.330739
2.615764	-4.037119	0.892422	4.769461	2.115053	2.035263	4.847229	7.735118	-8.439413	0.537172	2.692274	0.224319	-7.103050	8.806640	-1.840589	2.855867	9.558352	5.749033	8.432871	9.227975	-4.403384	-6.054211	8.541120	-6.742275	0.269562	3.657194	6.821638	-8.115475	9.546733	0.830164	9.175962	6.855080	-7.132033	1.675330	6.753528	-3.741291
1.604755	8.782271	-8.582998	5.966542	-4.261710	2.695632	-0.154651	0.314357	9.123708	-0.899894	8.168497	-0.374841	3.463736	5.341864	5.650266	-5.890655	-8.116538	-2.781007	9.016066	-9.675160	5.792527	6.657052	-9.383711	0.432421	-2.394600	2.182840	0.676948	3.388229	8.149544	0.657155	2.879351	6.269376	9.202319	5.198766	4.631589	5.752297
9.022012	6.727661	1.719268	-4.842440	-2.321257	7.251197	3.979181	8.780276	-5.027200	1.074637	-4.083828	5.617734	9.127942	4.548213	-1.679373	5.113780	8.149729	9.709071	5.984213	8.872293	6.116202	-7.064215	4.732249	-6.113848	-6.037745	0.087075	1.384334	8.516337	7.723390	-7.815803	7.132777	-6.857955	8.051137	7.892536	1.463844	9.074074
-4.524500	7.557040	6.367946	-8.108251	1.525324	2.876694	-9.107153	7.239543	7.572588	-1.357113	2.732552	-5.720614	9.521008	0.504822	3.409032	7.899633	-4.461750	-6.191834	3.916691	0.221732	-6.767577	1.747285	5.659449	-2.017043	8.164040	-9.022143	-5.258413	3.235878	8.169258	9.034580	-4.002312	4.135119	-0.437852	5.191656	4.852189	-2.937995
-7.722362	9.517289	9.848724	-5.348169	6.216108	9.694991	8.451839	-7.588922	8.582884	4.675853	6.258772	-8.218611	2.451994	1.292846	7.898933	4.315887	-0.919956	5.355591	7.980647	8.160009	3.021574	-3.922481	4.738225	9.480414	6.686067	0.803056	5.745677	6.086373	-9.050197	-3.716896	-3.844222	7.070341	-3.123187	6.594494	4.856521	4.496849
0.036999	-5.546603	-6.371114	2.406531	3.298836	6.819532	1.166898	8.464785	-3.992605	2.678000	3.245970	9.911689	-5.821364	7.857084	7.328758	9.075000	-3.073244	9.245823	-5.845841	5.592369	0.713091	1.899487	9.770329	4.546464	-3.483580	0.107747	5.527202	7.079424	7.817195	-5.388918	3.359832	-8.433502	3.324384	8.630594	4.404534	6.400598
1.673088	8.070876	7.198571	9.760586	8.173494	2.393606	2.297731	-2.965466	6.109256	-9.786701	2.567325	1.557713	0.103106	-2.028589	5.179029	-6.371141	6.465898	1.764518	3.815275	6.868897	0.146989	-1.793138	4.843134	0.430997	-0.965920	-4.369380	6.024731	9.749270	5.531529	4.335453	3.992866	-1.131693	8.895671	1.382470	0.701657	7.890392
-9.868346	-8.801070	1.570738	1.879882	5.530051	9.239773	-3.624857	8.162381	5.567258	3.297076	6.068129	9.252846	-5.733934	5.616421	-8.429788	1.379122	1.560430	2.111610	-5.801947	1.360715	3.487071	2.637624	-6.599720	-2.822910	4.625350	-7.329634	0.857523	8.705572	6.806467	-3.174587	-0.381391	5.351061	-7.749569	-5.933618	7.649843	-3.928467
0.272416	-1.487686	0.827977	7.093177	2.687683	9.473885	9.946674	1.912825	4.195713	9.253355	9.792961	0.677488	4.714565	-6.281484	-5.820621	5.205750	3.987744	2.099188	-3.348016	0.441913	4.172159	-8.320434	-4.446257	1.470989	-9.105981	-7.517615	5.870177	3.033763	0.333909	8.479799	6.026995	-9.542653	-1.638583	-9.775745	0.031965	-0.025258
-6.964942	1.732911	8.518163	8.450864	3.757109	-8.531494	-9.226627	3.513927	-4.331116	-7.485121	2.301354	9.383100	4.499537	-2.647550	-6.662962	1.981200	7.899864	-2.936253	-4.654520	-3.771926	3.240580	6.508912	0.564021	8.792985	-8.173966	0.743408	5.846043	1.404694	3.356442	0.340369	8.695164	4.486327	-7.599949	-1.027513	4.053002	0.477505
8.590468	5.931129	-8.923163	1.240246	7.889294	0.166891	3.157742	6.707942	-0.068300	2.148645	-6.763055	-8.520253	2.976874	9.206831	1.906465	0.822577	7.389921	8.006183	-6.997059	7.658572	7.810833	5.429408	-1.012551	-2.789799	-6.335132	-2.182711	5.543748	-4.929554	9.815061	4.016480	2.649560	6.919802	-2.052289	4.122851	0.909635	2.345868
-6.783465	5.144461	0.497973	4.245399	3.751257	0.512868	2.863069	-7.779548	0.747927	7.616085	4.179572	7.273457	-8.484314	9.379499	0.525694	-5.946638	0.603108	-5.605477	-5.627611	7.100867	1.166881	9.635822	3.973323	4.128729	5.564708	2.612390	2.793361	-3.864876	9.157203	3.945929	-3.769780	6.082896	5.477310	-8.633003	-4.174005	8.389072
6.074231	4.641677	-2.717760	9.257144	1.167096	-5.202147	2.056884	-5.537001	4.679743	3.444059	4.593801	9.025243	7.047504	0.688786	9.204632	-8.039161	6.177806	3.262467	6.833854	-4.026504	-7.625825	-7.376975	9.048365	3.259640	6.785974	1.710995	-9.145310	3.686354	8.019698	4.781940	-9.405720	4.359707	5.501718	8.535893	8.934634	-7.446287
4.668184	-2.679214	0.390840	1.440997	-3.218299	0.235821	-8.350495	-9.990664	-4.706292	4.807616	4.628109	7.354295	6.330427	2.120695	7.744400	2.666578	9.558280	-2.488109	8.214345	6.785038	-1.305282	8.239132	7.538016	3.195460	8.787504	8.823840	0.189039	-5.817335	3.972527	-0.352824	5.952274	8.514893	2.712765	1.055817	2.662691	-2.278228
2.101727	-5.792087	4.891945	4.010135	5.356812	-3.387423	-9.313323	4.616887	5.780630	7.934286	1.584146	-1.340686	1.525573	7.503019	2.784333	8.723173	-0.776992	9.549493	-0.434167	-1.381796	-1.820625	5.435056	7.696973	7.780275	9.053730	-5.699309	9.080688	3.327761	5.756087	1.724128	1.621469	9.820671	1.505862	6.599167	5.898725	0.586918

Matrice B di dimensione 36 x 36:
4.478293	-1.310967	7.525995	0.957235	4.391789	9.205168	-4.306201	-3.581258	9.466012	-8.642329	-4.036118	9.135672	6.434663	-6.607542	3.272677	3.790239	-0.614408	4.407737	-0.382609	-3.544333	-1.765660	3.947789	4.500191	7.192390	4.871082	1.494903	7.286516	8.366621	8.363646	5.869239	5.940171	-3.503544	3.691202	-3.502100	9.320847	6.213385
6.008814	0.804928	9.720668	-5.130598	2.604610	9.819556	4.591797	-6.171654	-5.605032	9.046044	1.278527	1.398493	-7.734733	3.232806	9.993001	-3.795568	6.630686	-1.862530	-6.615275	4.209237	-0.770713	-1.552671	0.897540	-5.389091	5.044499	5.308486	-7.217243	-5.699117	-4.264370	6.282838	9.058074	6.431936	3.794840	2.082518	8.393454	1.517450
1.795945	1.140656	-7.779334	3.823656	-5.752190	5.270898	7.682937	9.901109	1.120991	3.693524	-5.202962	-3.609984	-7.998492	-6.323093	-6.659983	1.607301	1.468895	6.805795	0.896188	9.853852	0.557750	3.538654	3.015369	-3.836504	-7.305127	-5.353318	3.956698	6.164956	5.433288	-4.025268	-1.307312	7.371803	8.688198	0.098236	-8.630141	8.949878
6.822205	8.863928	1.351757	5.123829	-1.442179	-7.069244	2.077733	-0.533506	-4.200615	5.432167	3.951240	-6.945872	7.320224	-9.605987	-4.523122	-0.775478	0.207879	-9.834113	5.638759	-4.815300	3.747668	3.744253	0.643797	7.506362	-8.498051	3.510313	8.431592	9.108805	3.198627	-8.185034	-8.846645	-8.881108	6.565914	8.694750	8.343566	5.574121
2.371355	0.048961	-8.073519	-4.435599	8.586955	4.794869	8.686649	-8.563313	9.678741	-9.311909	-6.114581	-6.079740	7.129291	-9.336546	-2.097669	-3.986407	-4.754908	-0.591482	5.158594	5.311115	3.794520	0.183550	9.847204	0.112631	4.290695	3.151294	5.573841	-8.430686	1.017624	7.653812	9.418981	0.633776	-3.143687	-0.954283	-3.784872	-7.329891
3.997003	-3.256629	2.683229	7.153740	6.915986	6.671464	0.682411	9.340725	6.628373	-3.409368	8.320103	-2.324098	0.649031	9.082255	9.370385	5.540608	1.974193	-9.003223	4.573244	5.051177	-6.543087	4.630618	-1.308798	-2.625865	9.807446	2.418715	3.022621	0.399405	0.263329	3.371408	4.147908	8.855156	4.718520	9.886760	1.953572	-3.852441
9.038543	9.497373	-8.861549	9.461027	1.760555	6.293986	0.159437	7.311424	3.985996	9.422820	4.269287	1.177588	6.225608	-8.985261	-9.741810	-7.452435	2.500858	8.358931	9.782117	8.978922	-3.485020	4.165944	0.759258	0.676711	2.724349	1.791742	-8.308344	0.610019	7.486394	1.494833	2.515914	7.710920	9.645345	3.610672	6.808952	5.863383
6.070112	6.730015	6.969450	9.794812	9.889212	0.176957	8.088810	7.653985	1.344317	-6.187459	0.267447	2.173405	-8.298948	1.711152	0.145321	-0.616399	-7.532332	-7.640091	9.885603	-4.134392	2.610970	-1.360748	4.863332	0.034746	-0.574428	-7.466951	-8.334598	2.942396	-1.464952	0.526714	-2.137942	-9.262089	-6.920444	0.701550	-1.018240	6.563737
4.257632	-8.825055	-4.719204	-7.234999	6.984654	-6.469628	-6.657748	1.892409	7.548283	0.780184	9.298158	9.084805	5.243386	3.492705	4.839223	6.123533	0.442321	1.334643	6.686088	2.033469	7.532767	6.209047	-7.787418	3.818642	9.213042	-0.858300	-4.471962	5.582592	-0.342571	8.971605	-3.512519	5.911299	7.963487	9.893331	5.370605	-9.302804
-0.396018	1.066820	6.111565	4.255664	-5.974710	6.722838	9.689804	-3.151163	9.148454	-6.302854	7.326085	1.168342	-2.126966	9.344557	7.042280	4.030213	9.623718	-4.984312	-2.556322	-2.599006	1.010351	9.910545	6.701724	-8.097576	5.829568	-0.566843	5.503767	0.931584	-2.654910	6.502823	3.944928	-0.983240	1.446413	-5.512728	9.551325	3.808968
6.801004	6.597295	-7.427951	7.416746	8.160636	8.191536	1.988187	3.634098	-1.892428	1.067750	6.207186	-7.652084	8.508693	-2.431846	-0.337966	3.372486	7.101294	9.442084	0.529733	0.347939	7.004683	-0.874679	-9.447725	2.809666	1.278670	8.687748	4.075516	0.058833	0.235973	-9.950378	4.735937	-0.345371	-4.362166	-1.416709	3.029763	-2.062369
5.122467	5.442019	2.172792	3.578171	3.054939	-7.405515	5.292578	7.732972	8.239008	-0.553673	0.270596	2.193703	2.113504	-7.067238	-7.386172	9.916990	1.590872	0.514894	4.688724	3.860101	3.938252	9.332836	-3.293522	-9.611522	5.103216	6.367228	-3.100775	-2.799677	0.944254	1.643580	4.648686	-2.543593	-6.930309	3.038241	-7.824712	6.289955
5.994669	-8.767356	1.492337	6.831132	-3.103267	-0.457191	7.473749	-1.393649	-4.598520	2.273734	3.300131	-0.626250	1.609477	8.647848	7.640311	7.569778	-7.202534	6.079267	7.279997	-1.338440	-6.326750	5.791768	-5.471218	-5.320646	9.336988	-7.849485	-1.111095	5.554203	-6.914254	9.533374	5.023161	-1.525602	0.201649	3.561068	-6.455777	-0.954009
5.384078	-3.640208	0.597250	3.446059	5.093860	5.530603	-3.810168	-8.221196	2.235791	1.881418	4.933690	0.400988	2.480269	5.048790	-4.662693	1.984112	8.325175	5.988744	-9.296228	-9.651749	-1.090357	1.764787	9.596763	5.076314	6.651285	2.160652	4.184642	5.943394	-4.757629	-5.488316	6.997660	9.683647	4.576820	8.105630	3.775998	-7.270263
1.446718	4.460858	2.498181	-2.115319	-5.239243	-7.438749	5.305428	-7.610565	6.575629	-9.735665	0.316539	-4.832426	-0.657907	7.690111	7.548461	5.451339	7.965455	0.442936	0.297132	9.835475	1.889413	9.598588	-1.453353	9.745616	-9.119109	1.745331	-4.853885	1.396070	7.123213	6.092950	1.887022	-7.351390	7.639508	8.553560	4.230582	3.260860
-0.435927	-6.748954	-3.495936	-2.840968	5.040036	5.916017	2.626792	-5.701749	5.629665	4.898819	6.937382	7.683097	-1.569795	3.763955	-7.885381	0.979112	4.760540	7.302673	-5.300606	6.032803	3.566780	1.728326	9.691849	1.767960	-3.212404	-7.713620	5.505280	3.558773	9.857502	1.389884	1.690747	-5.714563	-6.081229	-3.122855	6.930194	8.739147
6.435508	0.924215	7.673843	-0.386529	-7.801355	2.302551	0.581888	7.707608	3.667332	3.001740	7.132268	-6.296696	1.959771	-7.815684	7.854736	8.876206	6.186591	3.343244	-7.084437	1.264029	4.702329	-2.277424	9.454711	-7.043413	1.038787	-6.857801	-1.286742	6.966833	-6.630260	-4.675872	3.452213	3.359069	3.124770	3.145892	0.798657	7.988754
8.210079	0.334519	-7.788894	2.205940	7.153412	5.679768	7.501722	4.799968	6.068917	5.968691	-7.982981	3.614336	-0.747702	1.519449	-0.656661	4.798408	5.714058	-6.596971	-6.350999	5.095377	2.646783	3.329969	2.018294	-9.602624	-3.793861	-1.160180	5.884712	4.603760	1.703349	-5.077210	3.507836	2.082626	3.601011	-5.918418	1.084397	-1.566061
5.184911	9.439831	9.060194	-2.981597	-4.701922	-6.384889	-0.646832	0.379456	7.342540	1.026966	-5.113900	4.263442	-4.951880	7.057396	4.032542	-5.341963	9.905547	7.279459	8.386998	4.362457	-4.317882	0.868245	6.685501	2.462705	-3.688900	0.799977	1.177294	9.155808	8.473868	4.434662	8.143485	6.862979	-3.455774	5.148402	9.533719	-1.570628
9.649937	-8.198358	4.552320	9.359878	-5.154194	-3.196884	-4.360747	-2.119231	6.301851	-9.738406	3.276124	-7.167523	4.238107	5.307915	5.933749	-2.171888	5.413494	-1.269831	3.472049	6.300497	4.582986	6.222234	4.513518	1.270605	5.246717	-5.945006	-3.765772	2.063451	8.108195	-6.965247	-9.846708	9.103074	-5.703800	9.399853	7.616732	3.803910
4.216393	3.644524	-6.419430	1.737284	-1.761536	0.375751	9.693744	5.735770	4.148059	-1.060763	5.487370	0.207811	-6.266258	4.544608	-3.685724	1.952565	6.920553	7.933913	5.231403	7.388430	-5.339847	-6.212654	4.542763	5.586118	9.269686	4.598877	2.976420	6.126016	-6.331626	0.721750	7.273248	4.271335	0.531291	5.594987	4.356817	-7.691649
-8.253699	3.449252	1.207122	-1.495461	-3.284646	1.004074	-9.708442	-4.569951	-1.551683	6.672452	-4.167188	0.883854	-0.422338	4.027178	-3.907655	5.300932	1.482443	-0.554980	6.363609	-2.847938	7.706240	0.473477	8.457127	1.353571	0.889271	6.474237	0.134967	5.138264	6.410296	0.910697	9.928954	6.690868	-7.376642	-7.184487	9.996340	5.550289
-1.931584	-0.537696	3.012292	9.625889	-0.385017	6.243568	8.914433	1.166319	-9.865430	7.731061	5.468732	3.611125	-9.044793	-6.065954	2.405756	-8.927757	9.581858	-2.031893	2.367937	8.593081	5.541376	-7.244884	3.039821	-1.861224	-5.403184	-8.420529	4.152155	7.344127	-4.643966	8.755240	5.319112	8.773860	-5.659835	-9.419255	3.455148	-1.598012
1.632992	6.650521	5.794939	-7.531084	-8.787239	2.210000	5.272314	0.707894	1.698768	5.245396	-6.756960	7.977903	1.814644	6.899300	0.138275	0.759894	-7.570755	-6.873673	4.997853	-5.006357	-8.680722	-6.650158	6.509603	-4.454952	2.266453	1.473833	1.097166	-0.050600	2.384589	2.973647	2.667438	1.460710	4.015270	-2.824303	-0.483447	-5.251128
4.638090	2.375887	6.241288	-5.177226	4.209306	1.572158	6.315162	3.514632	8.019720	6.132168	-7.004989	4.799082	0.253830	3.615623	7.062348	4.549565	-7.236042	-5.553211	-2.002463	-1.035817	7.028834	-3.256437	-9.666228	6.523476	6.566671	-3.062619	7.418207	9.716204	6.923321	1.176534	3.396816	0.110363	8.497679	-7.063239	5.009229	9.593530
-2.659632	5.058349	1.112694	-1.218319	-2.529193	8.277117	8.455079	8.832465	2.979879	2.903101	-4.646297	5.453479	1.769997	9.342855	2.754480	8.737022	-2.314150	-3.150485	0.586083	6.229354	-6.798619	0.289056	-3.894651	-3.117362	5.384455	8.909919	2.897467	-4.214956	9.970640	2.417095	2.536368	-7.134412	9.912956	3.321708	0.711316	-3.374221
-7.479397	4.464280	0.488031	-0.349302	8.791800	6.619939	4.305683	3.027099	-9.625734	0.023415	-8.379054	4.883191	-0.828459	-0.211290	-0.907203	1.002888	-0.515658	6.410577	3.280743	0.905850	-0.098766	6.359050	-5.536881	-4.902759	-5.376435	4.843263	2.155017	7.962243	1.613373	1.213238	1.814562	1.584691	5.455661	2.259789	7.031734	1.758998
9.026154	1.299465	4.511067	-4.073978	-5.637723	8.721637	-6.817769	1.810769	2.078624	6.514968	-0.790424	5.029782	-7.071815	3.437059	4.718945	5.633986	0.976703	3.523687	1.610649	-1.506703	4.848820	9.370502	-5.503451	9.815913	5.528708	9.537212	-9.743869	1.883704	-7.684827	3.501985	-9.345975	7.124199	2.230201	5.158551	7.428973	7.334795
1.260461	9.417208	4.859375	1.699853	-6.155896	3.594799	5.876163	1.930283	7.921401	3.386682	9.238970	1.138662	0.105006	-9.456607	1.796549	-2.228017	-1.460113	6.774275	4.307225	4.756095	4.538035	0.900651	-3.924992	3.884538	5.265754	8.845962	9.747478	1.392620	2.033676	1.379794	6.234529	-4.230185	3.842109	7.172133	-5.048183	7.593739
2.878051	9.088110	5.299645	0.753771	0.146094	0.175128	5.737611	7.735681	7.568746	-0.668143	8.147143	0.875137	2.985496	0.311662	-3.466909	1.507402	-1.066614	8.229398	-5.031179	3.091488	8.428042	-9.241056	-9.490500	-0.945987	-6.153028	2.553937	9.976883	8.409683	-5.408277	0.458591	3.190882	-8.799532	-2.842805	7.880805	1.748641	-8.765306
7.067865	-2.612517	-7.593585	2.202872	-1.057210	2.209516	0.208363	0.724148	4.422591	0.417057	-8.411226	-0.340789	8.270960	-8.987878	8.929586	3.006453	6.309216	2.065893	8.136939	1.784420	6.205865	-8.694642	-5.518847	0.112641	-7.821198	4.684869	8.170752	6.363175	4.445233	9.536649	-7.460191	6.404983	7.187973	4.982709	6.001407	-7.620354
7.681338	2.597070	4.535598	0.256640	6.881548	-3.208240	7.174577	4.939560	-0.776800	5.639679	0.077427	1.161282	7.240592	-7.145596	9.249956	-9.164655	5.513344	-8.737714	3.572275	-8.846981	8.679528	-1.518989	3.278246	-1.812269	8.411941	1.298405	7.552799	-7.300965	0.192271	-9.179576	-3.608255	5.636290	3.930485	1.239522	3.378729	3.030822
-5.960862	6.152462	-5.157944	-3.192333	5.272647	-0.386035	4.514338	0.706704	7.032079	-5.375768	-4.745088	-0.010430	-9.568219	2.936906	3.350649	5.391635	9.824000	6.109637	5.766953	-9.860035	8.904719	3.447952	9.590583	-3.717045	6.263050	9.874849	9.537833	1.226501	-7.196208	4.530337	5.807634	-1.441759	0.224173	1.742121	8.032145	-6.356337
8.761711	9.719344	0.097437	6.688737	-0.246125	0.177860	7.732846	-6.913416	1.346309	1.068389	-7.860358	1.628542	7.814177	-1.803995	-8.843898	3.263775	7.746407	1.312479	-5.775870	5.315599	-2.437657	-1.692151	-4.385191	7.516303	-9.790837	-4.267332	2.049618	1.626584	7.893279	-7.529658	-5.742431	-3.534384	9.774902	-1.828817	9.125567	-3.643406
-6.951072	9.510522	1.186767	0.043045	1.139100	8.856017	9.352158	-4.210052	3.241526	-9.462106	-7.803178	5.531202	5.821708	-5.703861	-1.666712	6.616794	7.254133	-4.861830	1.266508	-5.732915	3.888545	-9.561623	-9.310271	4.270567	-7.372578	8.371279	8.073407	5.908889	-5.347647	7.395370	-5.999214	-8.640645	4.944122	3.661570	7.270916	0.783591
8.085226	2.529484	1.954297	5.567603	3.244050	-5.967353	-9.511921	-4.667983	3.205695	1.078348	2.815814	6.034899	-2.424082	3.331198	6.507813	2.856805	-3.316669	0.898023	-4.849231	-3.569862	-4.720207	4.229106	9.733271	-2.676284	4.063255	1.812872	-0.062564	1.408243	4.934179	-1.545149	-9.660819	8.416872	8.078555	8.927492	-6.008785	3.267526

Risultato locale:
Matrice loc_C di dimensione 36 x 36:
351.289606	251.151644	244.026261	129.628693	-164.353182	86.730595	524.107726	137.903591	146.291225	291.815434	313.055195	-165.217052	-229.560125	296.649248	229.374305	-129.862445	189.322875	-72.616772	255.798769	145.544470	106.957941	-86.150854	298.257156	-0.595234	330.217553	-27.552233	228.141365	232.457058	-169.898824	11.044411	491.564086	164.670460	-97.023661	124.926154	256.430332	-80.971165
187.140961	427.585505	186.321879	106.106501	119.125241	326.298626	499.401847	136.771167	187.642084	175.043293	-226.189609	121.186558	13.271594	-28.501318	-147.614796	70.454049	26.311167	234.724622	197.548469	-186.392160	150.705704	65.034979	213.846372	-159.631633	-0.331247	61.913541	379.813893	387.276609	195.167712	5.051370	515.588713	-244.736898	-35.914207	-194.802969	314.882398	355.690817
362.509239	283.696674	-195.737312	232.244993	-41.577591	253.940806	223.901395	115.234806	388.745478	148.660439	29.223441	113.262545	82.707188	-69.918693	107.699216	467.436379	362.238906	327.118229	100.000564	193.050239	304.491567	184.008734	-65.442047	283.772829	-50.307567	65.156408	282.051949	648.976351	119.337126	178.790990	73.586295	55.442894	493.737743	87.048154	405.829297	205.170398
193.448417	25.290645	-10.580921	-94.835823	-67.011131	376.298892	56.068690	-159.227042	94.347898	74.725730	-219.534428	328.817193	-174.505458	33.227740	-101.411363	-98.564229	-186.361601	93.849000	-31.474240	378.333866	-282.241972	-49.255333	-53.346568	252.943547	-55.173724	-41.853788	-258.144810	80.820336	74.356695	386.056467	3.230519	159.688295	358.140670	58.941608	32.326329	-97.906642
-28.289439	16.153910	-19.859075	89.644909	-167.700057	317.270675	178.660798	188.762003	-73.987877	10.918490	-237.367545	9.434274	147.650969	-386.949705	189.750828	89.842615	125.906274	32.542705	288.369317	266.430140	151.764801	187.414474	-358.340220	-115.190333	40.574574	253.507848	-95.869366	-68.748378	81.712196	214.149918	19.448833	47.211555	73.444032	-76.166023	32.978243	356.995720
265.225241	94.212049	226.806013	12.628240	-225.365711	-100.261475	-124.522108	-36.499874	201.893216	203.968080	231.761293	-1.296545	115.853132	-191.459637	168.341549	204.845297	-234.886358	53.803148	106.403369	184.299095	186.266098	173.654712	-21.065218	127.397080	44.328441	43.291368	-5.894586	166.909077	207.563504	264.538909	-41.338349	24.574376	387.240393	382.612938	-53.807717	178.720266
308.289981	70.097018	178.748875	357.109714	-103.460147	115.774283	314.500645	208.154892	-130.480060	179.015515	383.890296	-215.401533	170.411904	-178.819824	-60.834548	-308.160565	21.435958	68.545848	171.905911	176.668072	43.804842	-52.223632	-41.334124	-117.586782	104.765834	-254.696791	25.694878	94.755190	9.706869	-169.413003	135.667346	166.211368	-44.453005	22.955963	128.550661	189.586947
75.537255	208.933594	-46.483961	-241.382473	175.891807	144.274612	-135.173676	57.455224	182.494838	198.352677	-275.616610	451.379930	189.421921	-115.436539	-249.619566	390.168919	22.844523	232.911892	-88.576400	-245.465982	204.432345	101.616297	-211.833032	136.605555	-190.606215	254.962198	246.482108	432.736790	126.248097	42.121759	-230.908253	-228.858692	373.301239	88.365700	481.591365	-24.921777
401.945077	-4.761394	138.943534	87.950675	-11.799337	28.630397	277.761009	-22.319274	97.163558	416.256149	81.876450	306.911764	-83.630163	218.122485	198.078218	10.154512	385.825845	-10.990341	-38.159986	17.703284	95.068258	157.958688	53.451548	-125.566091	268.432598	78.815270	213.645096	142.241034	-18.427639	-6.008123	-33.621091	340.406304	181.867635	173.013320	257.494497	-92.185279
183.174828	-322.885947	40.589412	29.947872	-45.740364	194.890972	-50.966713	-163.935401	-6.224402	210.385851	-138.437130	343.890049	-245.919312	307.946179	270.597192	210.661144	-47.119913	-50.460407	36.825373	-44.593285	-38.044736	106.769067	-51.490904	110.269888	393.114951	38.739665	82.802418	244.982651	19.563734	277.455342	-68.052417	241.305197	287.076394	-19.932621	243.857436	-155.312003
53.165898	-111.406119	-400.936000	39.462584	404.876877	193.052584	499.577923	168.857386	322.384220	-75.816565	52.381028	-25.516602	204.996295	-215.734825	5.787533	381.127081	-10.914141	259.254230	-3.737530	-21.470327	259.729341	-92.788596	16.739763	-151.503918	219.104011	-34.038085	637.341846	309.458069	-126.214562	98.443773	409.964024	-136.867346	138.371388	-47.617391	-189.525851	-93.017486
-36.257601	-208.789608	351.159598	105.850478	-38.046612	-122.701805	9.820635	-269.283856	-194.103998	-154.342282	-14.750414	55.592778	61.205620	77.041632	119.540219	-77.083225	-177.270539	-130.929078	-9.891075	-144.323993	57.831692	65.442505	-34.924625	-369.323201	76.365822	-126.330047	-84.977998	-123.883255	-290.745404	172.055533	81.698777	52.032885	-396.678641	-108.521963	-122.934089	-249.370803
474.902748	25.518031	-45.415838	158.274339	285.693192	507.737640	368.949985	9.740095	240.899679	295.322958	-112.641245	218.656177	241.072898	52.642721	167.476221	229.353447	464.582867	156.322455	287.558211	224.407799	221.359173	175.994546	86.531694	-28.469936	297.304319	88.208334	271.477225	492.457500	210.854396	353.465581	420.376354	547.308673	366.076538	56.621797	779.257774	-40.546320
266.509722	300.781995	-138.964910	-33.405276	331.530329	287.372108	253.917630	-131.423276	272.355771	-83.060961	-209.668443	128.486514	151.250106	-242.292478	49.491945	416.157480	347.044544	84.256758	16.641293	-141.170384	559.565884	76.645717	-27.183411	95.042349	-100.077845	312.969788	163.719828	223.293399	-118.262830	163.850558	-66.225231	-68.480566	291.511128	60.047100	506.454485	3.045305
349.568983	200.009260	271.225415	311.316345	19.707777	371.453581	411.093142	101.423793	278.846450	-15.578330	-150.979113	135.287129	46.288717	-15.839494	172.813528	143.073153	220.861765	17.402861	289.576864	342.644170	-23.256581	234.911074	66.233825	-1.703827	-124.179667	-93.895221	114.326069	331.300741	452.845018	257.627271	201.234965	-28.620753	265.219561	115.088913	409.623278	236.470030
529.579491	301.302260	-174.723844	327.410976	92.844393	-115.643084	538.633927	360.044024	366.386495	116.800375	-86.414906	-224.390429	61.901554	-101.164636	8.422598	247.017981	-12.196722	-93.035950	190.251061	371.324424	-108.394182	121.226951	120.963342	-188.494189	168.601680	121.069907	201.871167	81.338071	253.716012	-173.440359	46.624760	69.595004	612.720860	627.236709	-197.857832	17.910455
299.952664	166.725807	24.175094	523.144197	-39.286702	46.314833	31.055170	334.057969	-47.909994	205.138801	37.284852	-244.606907	161.489846	-26.819363	60.689124	171.062499	125.124944	-74.411112	78.016812	325.739106	26.570982	260.336596	-81.077724	67.643200	-9.789188	-182.144144	-130.128596	161.678594	459.053612	-468.136558	-100.848549	217.069097	215.141664	-46.872568	134.353273	573.636573
-133.676581	541.927472	352.561074	-195.568106	43.709309	260.347199	252.280114	497.560139	370.865718	-35.091209	40.131408	383.618472	27.382807	8.906921	222.174271	319.164284	147.525694	8.464563	372.083431	-185.833090	271.428387	-148.265977	-178.700232	335.859006	179.197072	480.223502	376.725583	492.213077	58.971225	204.374133	256.950106	-233.352905	273.502261	195.661428	510.144870	169.349881
196.792024	266.339746	-165.958750	105.708969	64.381757	191.339525	203.855278	42.498652	388.428402	-157.072011	-200.958013	131.933039	1.193899	-148.613797	-58.212046	246.878778	198.071045	416.250902	117.616402	348.279786	206.362587	122.196139	6.263058	-1.954929	-43.754646	216.998804	110.226539	110.351967	179.530497	187.643403	-12.549203	-93.386260	95.513901	185.215490	171.253728	13.917310
-236.849833	127.070739	215.416616	-181.335091	-320.364276	-83.871034	294.308967	-106.576027	-40.123894	-88.440469	-175.133804	171.999578	-379.164445	448.959068	360.160759	352.901507	86.268298	10.414887	114.743208	-43.707243	-73.669708	-32.129142	166.276425	-420.244537	-128.395377	21.129729	-147.108907	95.089392	-153.055289	397.562328	173.398765	-261.415698	-202.327545	-122.210225	-12.814823	88.521851
406.031089	173.600429	-18.986420	431.225656	-141.995923	274.026537	332.900010	41.621181	-39.030914	381.334310	386.640911	-92.965643	127.628591	280.562257	-2.791655	-58.366040	564.042065	103.563210	97.509251	305.157364	-14.369705	83.090540	228.343192	11.325939	-37.508198	-95.564687	164.026095	400.176416	221.901185	-211.025515	199.659585	381.346219	249.501630	220.907107	545.853911	73.401595
334.317236	310.791397	159.893206	521.293299	154.586449	297.180798	417.558929	215.939707	181.449099	-50.876842	15.568966	-121.572049	312.799006	-557.146243	10.233080	-231.489921	448.293391	-22.519992	39.316695	226.133695	242.492011	-188.589845	122.608709	-18.739988	-344.336378	-125.344844	460.998742	353.695575	316.144591	-256.984170	10.751158	38.496801	95.823673	169.378552	271.333019	240.992104
200.445533	503.234858	115.148416	-128.003616	198.458307	-75.919355	-16.305945	-159.126022	185.780767	75.595491	35.480301	213.658712	128.764056	236.003369	249.674635	218.940747	286.144718	161.975973	295.692917	-320.759917	56.451440	109.215451	-208.854657	343.754141	299.840623	755.961101	165.178631	110.114003	-39.839916	164.089300	180.710790	-28.831430	375.799950	520.858574	481.870876	-293.405481
638.724788	17.303258	148.225057	530.599575	53.060904	399.186895	233.461890	67.838221	399.171471	-75.903703	56.649093	180.276859	-312.918952	53.040783	282.760914	297.034112	493.684732	336.147206	82.084135	307.125113	-138.006430	353.814624	396.351682	-139.238271	253.259663	-52.398848	-40.630133	368.379723	4.109567	250.958259	75.539706	358.846229	185.211763	377.987444	259.555302	238.869248
87.857398	-89.388184	317.973243	-61.324693	85.752731	81.290631	253.686730	-170.037997	84.453473	31.427410	228.990459	110.651010	-209.582125	210.085068	252.456670	-54.937415	9.440839	116.491481	-22.553854	70.324252	359.638794	-130.844784	-265.487885	217.034385	28.867569	-274.921147	87.999766	166.084896	-143.068091	255.268336	130.551714	-37.821733	-151.890891	24.785368	39.579279	76.413795
488.471162	17.964044	-61.078460	10.664057	80.085664	380.729689	371.546496	-20.214071	186.078968	227.394529	-70.131501	135.440377	-1.118855	468.847344	333.933692	-22.824551	468.047208	-6.109932	33.132678	474.423583	-103.370567	209.541825	50.626307	8.824599	177.617810	-77.059481	-73.396538	132.382878	247.414114	120.982615	52.688840	714.523095	557.412581	207.578915	497.501959	-87.788413
229.694292	278.757398	-54.788330	424.514548	220.463000	302.307146	251.321689	-149.703336	315.589050	-141.176798	12.020584	165.464261	-14.135486	13.026596	-197.622412	285.502777	344.450900	-59.371583	74.691552	191.456243	132.634271	276.415240	221.070935	109.798116	-114.341182	200.620332	129.463387	214.174811	194.561595	72.040387	-19.841099	-29.669362	12.511117	132.289499	290.559700	126.869190
478.509643	296.112458	14.096055	66.022659	32.636962	33.688344	49.274942	86.505062	186.277925	83.246390	-14.955781	-110.084026	-13.865356	-347.754771	257.840697	78.991898	254.906326	248.664471	256.235025	248.660477	325.986536	187.184073	0.075823	129.125739	-30.015138	314.694163	92.500791	330.988351	-24.377441	109.931841	-75.545500	359.625435	354.073922	577.713459	242.820208	23.026407
151.258088	-17.850792	-124.190178	100.906388	285.848241	88.428433	37.168827	312.608987	243.324469	-50.838261	249.794243	-106.786182	164.514184	-209.812342	-126.047112	175.547230	-92.403208	-239.346212	181.429176	-167.987131	370.238386	98.502524	-182.675757	46.154046	322.695083	175.156000	58.887932	-5.720658	-249.236447	-239.124305	-155.707114	104.627014	-175.062669	171.234590	-154.022979	195.486698
262.047002	-26.392944	-283.739505	290.664926	115.659636	273.117289	78.840018	355.911582	184.511797	-98.965918	518.427231	-143.964533	153.321304	-143.322122	-40.398276	128.432042	-0.965245	278.893421	256.482041	192.580833	-1.677307	179.002987	-140.126851	-233.196378	66.817176	81.876168	35.645920	218.757048	-244.193284	170.321632	-26.202790	-14.362045	-38.812510	343.059276	32.561302	-64.439341
-3.035943	187.365370	-37.701413	-5.770979	-187.408830	-15.653247	237.514058	159.705914	-368.113959	291.469241	-173.751601	-102.516216	94.626560	-506.025591	-223.176299	93.621944	-183.191628	-7.419569	168.506317	-60.834449	135.475229	-306.554888	3.569981	-235.836288	-291.917166	98.838727	113.216403	39.182757	-147.292396	-144.610587	-130.993271	-101.552224	-134.880842	26.655800	-340.168753	124.673601
317.924477	8.670141	144.339276	238.712210	204.330467	263.829420	183.353353	-243.324989	214.695072	-142.575019	198.712792	0.109764	244.555396	-142.774867	164.101021	-61.063489	201.967641	10.665955	-54.149085	-14.156248	118.563085	-29.754484	422.694461	49.430609	218.744410	-6.703860	228.388668	169.182200	-36.677028	-9.620128	209.228062	75.189433	158.921501	268.063761	369.844121	-54.054821
5.111310	239.077384	130.340331	34.145729	-23.861979	-0.790954	-0.433980	35.080954	155.718561	182.049368	344.157116	-135.180954	26.036127	-31.670211	122.412706	-43.999748	171.826452	-28.509757	16.018037	-92.874916	318.857648	143.710069	273.399859	-165.523929	467.503212	448.446207	256.454360	-75.016093	-0.316733	-145.179603	295.302795	386.309044	77.325625	215.552766	80.706306	68.812405
357.995939	541.281209	422.987329	-2.944855	-169.422457	22.523031	571.191590	-18.980613	312.582933	92.577938	75.596344	60.833006	224.388255	-258.527806	173.938640	177.345072	342.112615	-57.395467	-5.716269	19.715246	290.070587	108.842581	-336.221798	163.556515	14.433512	170.852683	268.885997	206.271670	-127.342298	158.654569	264.565052	-347.257298	301.623321	85.769154	264.905170	119.252556
76.431924	144.872175	384.688912	46.681043	-302.739117	22.952434	341.626454	4.983104	268.226588	32.226724	-77.897458	-7.883716	215.891829	79.122250	420.140735	320.641543	450.792992	28.021164	56.644511	64.046611	261.891156	1.733307	82.268385	-57.831950	72.126856	84.887946	559.845063	357.014081	316.531493	72.460546	335.046691	55.429800	82.921248	-0.617177	343.938534	190.079843
162.992786	190.186956	114.921786	1.900233	233.502542	243.992696	509.335380	-150.352321	257.135528	90.014126	-192.066836	323.316072	80.611234	-44.011038	57.623736	171.676908	236.725598	-125.837692	11.911078	-175.543931	496.381066	43.452645	137.121512	103.569374	-108.621612	-58.996634	633.140784	514.763851	100.122605	39.914697	82.312210	-12.446687	194.345823	-153.680464	402.764982	144.618280
