
Matrice A di dimensione 36 x 36:
7.710168	-9.847220	1.813866	9.256723	4.059924	0.945944	4.621663	3.964265	-2.305048	-7.316653	4.844064	-0.459600	-3.968881	-6.101850	4.189578	-6.758578	-1.179493	-2.234988	3.395808	6.018827	-2.274536	-4.571148	-8.698693	-7.235493	5.219003	4.681548	4.387698	3.525818	1.855031	5.820861	9.630053	5.737239	8.796631	5.290353	2.462219	-4.636305	
4.768279	5.587726	4.645872	-0.226042	-4.171283	-2.575577	1.317585	5.789678	-7.466451	-8.796807	5.124058	0.333356	-4.640544	-3.531296	-1.393721	4.205591	-6.083629	-7.838377	-5.603076	2.022453	5.822332	3.348175	1.609630	-8.519304	2.297246	2.673872	3.124179	1.624394	4.916786	-3.745331	2.307804	-4.564822	3.967342	-1.816920	6.888930	-3.914510	
0.159237	6.027610	4.269294	4.473673	4.952793	2.751519	7.689631	9.049223	3.635589	-0.015884	8.839244	4.395975	-6.909260	-7.275246	-1.437654	5.550095	-6.911788	8.929356	1.065904	-5.737946	4.208327	-2.059556	-1.028422	-9.072145	7.247941	8.593047	5.525139	9.815013	3.100085	7.870578	4.960648	7.395522	9.243888	2.469359	7.395877	9.210910	
9.590760	2.861128	-8.790261	8.902204	-9.315306	7.438627	-3.588766	3.879341	8.941919	6.596555	-5.864798	2.711413	5.146580	-4.448646	4.529002	-9.094759	4.936821	2.482446	6.070891	1.617501	5.927341	8.585982	-0.773838	8.721186	0.821488	7.489716	4.754383	1.970989	-8.472616	-0.261312	4.224338	-3.891696	-7.831816	-9.991073	7.758428	5.636030	
5.970620	8.515693	-5.488180	7.044778	-3.182190	-9.600967	1.888398	6.114422	6.816155	4.413420	1.184688	7.316162	9.034436	-7.617653	2.272254	1.816329	-7.490042	2.558634	-1.873271	8.504557	9.007250	3.469715	8.260023	2.249730	2.454881	7.425932	7.051080	8.185786	-0.944273	1.939019	-6.914887	5.563072	2.273283	-3.898578	-2.523512	-9.010878	
-5.652431	8.336343	7.009896	-6.377443	5.335457	3.630319	1.621043	3.758454	2.869807	-4.713644	5.977205	9.154491	5.427326	6.057018	9.436495	7.289010	9.542958	-0.076803	6.679762	-2.433116	3.596953	-0.551047	-2.706957	-4.137174	3.305857	1.883470	9.407300	1.100340	-5.104757	-9.803414	1.382990	3.046525	7.575434	5.341103	-6.358001	-5.408518	
7.390513	-9.504689	5.533116	2.268729	5.630624	1.629172	0.273192	4.680887	9.676205	1.244643	-7.242774	4.883449	1.141747	6.625538	-5.063452	-8.529166	-5.767236	-9.730948	-5.802606	4.716407	3.583650	8.488990	3.419509	6.909241	5.533968	-7.407969	9.959839	3.608859	-0.518100	-6.006560	3.758879	0.432615	-4.169883	-4.806444	7.547509	-2.791373	
-6.587162	0.424272	5.638204	2.001091	8.350544	8.942388	4.627973	7.906916	2.938501	-2.012216	8.180340	8.008781	1.577732	0.277627	-7.608355	1.781576	-2.424474	-9.337960	9.343281	0.027761	4.004447	6.623763	6.825089	4.324587	6.998185	4.605139	-4.213639	4.030299	-1.617528	-5.384779	-3.071186	7.921344	5.990267	2.925254	7.159414	1.770248	
2.524371	9.159709	3.672120	-2.332649	9.108651	7.499130	4.843987	5.917776	0.967198	9.434561	6.223003	-8.399166	-7.778744	6.858781	4.004299	-4.883742	9.291434	4.350718	0.199722	7.740829	-4.552148	-5.029399	8.749880	2.951548	1.142635	-4.814143	3.568794	9.105388	-4.476843	1.183600	6.164464	4.323897	-2.377906	3.974593	-7.463442	4.027249	
6.259599	2.544594	5.407158	3.958388	-6.271537	3.825487	1.185766	7.975933	6.480842	-3.420455	-3.534201	1.577925	-3.289480	4.821769	6.455422	1.171650	8.762174	4.786792	0.114121	5.968371	-9.721966	5.453907	8.172812	-8.692366	3.355878	3.248708	1.607211	-2.585403	0.516865	4.119681	3.218162	5.361127	-2.842833	-5.973659	-4.643484	6.553932	
6.466970	0.870566	3.185694	0.152982	8.209065	-9.763461	-3.980465	-3.325436	1.191081	-7.144854	-5.673244	-0.466465	8.240391	-8.295064	5.271901	-8.529919	5.830244	2.904136	-6.030806	-1.533872	5.648072	2.174383	-4.049705	4.888665	5.775579	-8.131974	1.535370	-3.466401	7.334771	2.284437	-9.732695	5.410273	0.771542	4.902370	7.022843	0.913209	
-5.448192	8.436849	6.245944	6.444377	4.116920	-2.649701	9.289499	1.026478	-2.068347	-3.023243	8.182343	-9.483737	-5.134156	8.339901	1.294096	7.336305	-5.252104	-3.679010	2.582222	-4.854766	8.314478	-0.423568	0.566239	-3.218430	9.434379	0.384971	0.566218	1.587794	9.290503	6.214120	-3.475514	-1.853296	-0.577709	-1.411473	9.449833	3.780214	
-8.758237	2.146850	2.358143	-2.895340	7.689787	9.523105	3.813981	-2.626859	-7.385502	0.706537	0.152135	-2.465570	9.110579	-5.379330	2.523120	2.961247	-4.322491	2.130808	-1.376910	5.517129	6.025616	9.555547	7.089941	1.597515	5.891109	8.772576	-3.227841	1.071415	-8.708746	-8.539287	4.301880	9.954603	6.091883	0.706307	-0.458971	4.250179	
4.754773	3.896074	-1.868658	3.350387	3.449041	8.258285	6.816890	7.405581	4.748718	-8.017737	9.240347	-1.942673	6.134897	-6.099304	-8.284324	8.944267	-1.152747	4.931392	5.900928	1.535062	5.992400	9.828028	3.512036	5.621822	-2.392778	-1.028624	5.581623	4.327355	8.728617	-5.063280	8.780918	5.119196	7.913208	8.740449	6.180269	8.141244	
8.900578	6.422724	2.861519	-3.571733	3.058824	6.603021	0.936366	5.661157	1.077191	-4.862234	5.444312	-0.372897	6.756577	2.300675	-5.814901	0.766127	9.455488	2.153786	5.619585	2.987506	-1.825120	1.605382	0.314463	-5.060196	3.955169	6.258391	8.409751	0.651981	9.055785	-6.123899	3.255170	-2.204778	-8.130849	6.473432	1.817660	-0.680530	
3.703577	6.884471	0.738322	-8.585522	9.845493	-7.969332	8.471220	-7.605103	8.419648	9.512718	9.621268	4.177115	6.259916	-7.147607	-8.935688	6.522071	-1.666280	-0.530031	-5.736368	5.170999	-7.030640	7.619806	2.349465	-0.768727	7.000443	3.626137	0.921029	7.971862	0.390732	-6.993283	-8.435597	3.376514	-8.011205	0.079277	-5.935224	0.517773	
2.734064	2.524011	-7.368393	4.614228	-7.868445	9.291368	-6.742505	9.504640	0.151623	-4.527470	4.651242	-7.312022	3.104210	-4.140382	-8.638992	8.967156	-6.797763	-5.694702	-1.306670	0.514523	-0.122345	-1.996700	5.550938	4.754199	-6.713359	7.610804	-9.511636	-3.317691	1.735573	6.273133	-9.703962	8.705541	9.520464	8.286022	4.548790	7.467763	
1.480665	5.748415	9.014685	-3.757535	2.948068	1.854127	9.806668	2.410623	7.280501	0.090011	5.187022	-4.746771	3.169597	9.237480	6.767263	2.944876	-4.925438	-0.472755	-3.829555	-7.311471	-4.148641	1.992029	-0.686956	0.420621	7.554243	4.413975	-8.165929	6.979183	6.318902	6.197085	9.225042	6.507062	1.545587	4.392015	9.305947	-0.245069	
9.686064	4.612855	9.821874	6.894503	-3.703566	0.952290	7.799546	-7.156331	-3.552174	8.862159	6.394691	3.868660	1.053649	3.301856	2.528104	8.594024	-1.245783	4.570249	-1.122256	4.466333	4.677553	-4.318777	3.116075	9.052203	0.212333	6.686905	6.948242	-7.860055	4.525596	-2.925010	-0.189712	5.225016	2.297853	5.086819	-5.166650	-4.694176	
4.771868	5.359923	-3.187224	-0.093541	2.763674	7.466375	4.279098	5.274643	0.739752	-8.514565	-7.255003	-9.424751	-6.219325	2.996098	5.452475	5.768245	-0.441748	-3.613314	8.266164	0.623663	-9.973831	1.616996	0.574770	4.863134	8.066906	7.628088	7.389432	0.685270	7.000988	5.754480	5.325796	0.649658	-5.030232	-3.349925	3.137086	-8.543988	
-8.510643	9.034388	-6.066650	-1.767775	-8.189955	-7.491875	-8.648935	5.383850	6.734243	5.790389	-9.925904	-1.103264	6.259231	0.024831	4.344043	-2.421268	-8.687804	-1.219738	6.440445	7.468389	6.007528	7.622687	0.211678	7.272665	-8.087562	0.443465	0.713280	3.742340	1.282286	0.083957	7.136728	5.240309	1.981835	-0.926544	6.498335	1.841405	
1.902262	1.372337	1.981148	8.660129	7.745684	2.182117	7.131959	-8.607230	7.798964	6.947529	5.890725	3.823786	1.581591	4.890094	-7.021303	5.212352	8.130532	6.808586	-8.684351	8.882679	8.298320	-3.973316	0.689717	-8.954299	7.182084	9.613941	3.429721	5.532528	-0.620197	2.262593	4.387548	3.311603	0.416644	7.843828	3.633788	0.132523	
1.328858	8.614070	1.221943	2.835885	6.770070	7.700788	-0.097068	4.201471	-9.877972	-2.187387	8.860296	6.822431	-8.910645	-0.771080	4.616835	7.923687	3.467215	8.519555	3.337471	2.706210	-3.427956	7.862877	2.594015	-1.358244	7.633558	-8.506296	7.565729	9.739749	9.495083	9.364877	5.421053	4.445503	9.934639	3.898441	-3.027065	8.692524	
9.181695	1.400060	5.521857	6.613181	-8.979176	-7.904594	-2.039215	7.037204	-7.002242	3.452680	1.298863	7.769443	6.621958	2.431465	0.147678	4.325039	-2.181632	-1.490788	-5.235149	-2.701333	0.304568	9.858745	-7.825389	2.169574	-6.229513	-1.360472	-5.219983	8.342048	-2.006439	-2.504893	-1.978035	-0.423520	2.452151	0.860342	-6.033089	-5.998838	
-6.792885	2.562539	4.975124	-8.716745	-4.716763	5.884260	4.054909	6.413455	4.226084	4.736028	-6.273483	3.492685	1.835680	6.815706	-2.886055	-2.427843	6.660426	-8.567802	3.389782	8.004812	3.075729	6.437260	9.877656	0.017845	6.393872	2.963474	9.230521	9.382877	-1.240417	0.452159	-2.814247	1.505919	5.510826	-7.186444	-5.820611	5.819156	
4.237616	6.770551	-1.370904	2.838932	4.748115	-6.060432	4.503787	1.126744	5.752316	0.459629	8.705257	7.887750	-7.562956	7.761102	3.938553	6.353653	2.311293	8.163085	3.861610	4.760394	9.498786	-5.864819	3.900761	1.766995	9.373020	9.329977	-4.777368	0.088645	7.650466	8.722233	9.247145	-0.319464	4.820601	2.224935	3.810060	5.117967	
7.243335	4.205574	-8.611806	-8.644561	6.096632	0.889367	2.065253	0.171241	8.779570	1.910021	0.718637	-6.666139	-8.915496	-5.455755	-4.620278	9.636694	6.589182	-3.440056	1.815643	5.020810	2.739361	2.952959	-5.224699	-6.018535	4.670374	9.950024	4.890847	3.647080	2.727915	9.448433	-5.434611	-6.753640	5.133752	0.102972	9.232738	8.061755	
-1.387272	7.522198	8.622895	9.408214	5.095661	-6.532044	1.769717	-4.990710	7.369408	-6.125991	3.120235	-7.493173	6.216591	0.202840	-3.681529	9.116488	-5.528518	3.318007	0.100740	8.445009	3.969790	-5.252224	-1.239953	0.717963	3.143772	-6.647832	-9.950265	-5.278695	-7.871768	-7.387523	-2.924826	2.876376	-3.887628	-1.566265	4.963548	-1.999644	
-6.028981	-2.238950	9.793529	9.676046	5.374083	-5.619455	-5.527048	-8.031536	4.172437	1.635929	-7.076140	-6.405842	9.680584	5.824982	-0.676467	-6.644694	7.582951	-1.093662	6.243294	-2.137685	0.819694	-8.987852	1.290160	4.624479	0.673126	6.318510	2.568131	7.189869	0.460584	0.265616	4.410821	-3.169507	0.206554	5.738238	-7.696320	-5.844388	
4.984949	4.502791	9.496540	-1.224215	0.918947	-5.404738	4.167778	1.247638	-4.925585	8.194059	-1.007535	0.098123	-3.378716	-7.571160	3.419055	-7.651549	-3.697516	7.872292	5.855123	0.273812	-0.004665	0.281299	4.755290	8.016026	-8.009862	-3.719833	8.093695	5.725915	2.964656	7.895208	4.333757	5.462504	9.160437	5.738603	6.043246	-5.833069	
3.930141	-7.080275	4.566209	-8.110979	4.283016	4.355102	-8.008259	8.032487	7.076045	-4.889986	9.743145	-1.417955	-1.258148	8.349066	1.127032	3.711447	0.012439	-0.602134	7.328580	3.229080	-2.131017	0.948150	-2.862804	3.420154	9.232422	6.463131	-0.487566	7.336485	9.222895	0.294283	-5.452874	-3.295030	3.878464	9.853904	0.209471	-4.355912	
-7.395054	3.729012	9.483165	0.569118	0.885871	6.124593	-9.096450	7.181158	6.844156	6.934056	2.872070	0.185813	-2.575745	2.908455	-7.717562	5.102134	-5.095127	9.368006	-5.147705	-4.792278	-1.259622	8.588926	-2.603222	-8.856523	6.229835	-7.129618	-3.205561	4.738355	1.102595	-5.226330	6.690934	1.392464	1.566489	3.820954	2.957911	-1.114368	
2.089916	5.121085	2.550270	8.919614	-0.704184	9.648704	0.650683	1.295692	1.172598	-5.767167	0.231618	6.887081	6.788226	9.357924	7.346903	-0.891950	-8.249153	5.701756	-9.317973	8.817857	6.753555	1.108093	9.376719	6.393150	6.291986	9.153246	-2.930887	5.419240	7.884418	1.545381	5.651379	-7.132568	2.366995	5.898808	-4.269254	0.046071	
-8.007289	7.566257	-8.851015	1.415520	6.242220	-9.833275	-7.961673	7.387189	9.729521	-3.074667	0.842452	7.763175	2.454796	0.891981	-3.308492	8.144058	-1.067190	9.876821	-2.482273	-6.159859	6.823674	5.630068	8.596965	6.442792	7.290751	6.202796	3.430725	-3.939724	-6.177364	7.408509	9.311102	-1.735585	-3.575223	4.661602	7.962644	4.472965	
7.230069	3.241309	2.445393	5.973534	6.791452	4.194578	7.230911	2.081634	3.804783	6.387874	8.487467	2.838818	9.235238	-8.260001	6.235081	1.599363	7.686919	-7.198155	6.177699	1.778905	8.980580	-4.528150	4.091192	3.656633	4.015639	5.004478	7.102361	8.457630	-2.580704	-0.259600	-8.307395	5.092474	4.000963	6.471959	1.750164	7.996437	
7.744626	2.749023	6.862459	-5.833251	-2.611716	6.237539	0.078415	0.992421	8.106593	-6.210859	5.179345	-7.108380	3.431203	9.354966	2.113499	7.736981	-0.999450	-5.730816	7.802480	-8.960085	3.842859	7.488083	1.869582	6.288472	3.959738	-5.876843	-5.944034	5.618447	-7.805851	7.426352	-5.128151	8.043092	8.250690	6.723876	1.279970	3.422695	

Matrice B di dimensione 36 x 36:
7.429400	-6.803432	2.598016	3.169065	-9.708161	3.866960	2.669792	5.543833	-5.073158	3.350556	8.889353	0.688701	0.412583	1.946056	5.063470	-8.770831	1.508216	6.080146	8.805157	7.079981	0.786029	-3.751758	7.963649	-8.031712	-9.487773	4.940374	-9.897718	-5.992544	2.426172	9.592942	3.649837	2.100476	2.617118	5.176930	-8.275277	3.001207	
9.037078	4.753832	-2.162442	7.059854	-3.397942	9.352839	7.493552	-6.222113	7.919107	7.017892	0.007102	-0.516971	8.471016	9.179550	2.247130	9.061052	-9.355518	1.857988	1.892492	-7.272978	0.112547	-6.471476	3.705526	8.319194	7.600349	-0.455267	8.776348	4.097307	7.671903	3.120349	-5.936805	2.317106	6.749587	-5.681824	0.283738	-5.421104	
7.590631	9.464036	7.146731	2.582350	9.284322	4.033323	-4.397195	1.111458	-2.633411	4.265527	-9.652264	-1.947814	6.229117	7.695950	1.419108	9.986934	-6.709753	3.190382	2.823592	-4.596012	7.390182	0.946235	1.791405	-6.354408	7.889368	1.643847	-7.887502	-2.627729	-9.744630	9.381110	7.644860	9.556065	-5.633172	-7.570746	6.705520	-2.100125	
3.463069	-9.527796	5.159017	6.282369	5.594440	5.801033	2.641676	2.138777	9.981662	0.657518	8.162523	0.200663	-3.309537	3.210111	4.635610	-6.648610	6.715376	-0.592388	2.111389	-1.238417	-3.413610	-8.824626	-9.815962	2.299202	0.140185	3.419769	0.867996	5.613997	-0.402431	0.510033	9.645114	1.809181	4.787234	-9.781846	5.785393	-5.394632	
-7.135948	5.494635	-3.898337	-1.071125	1.905153	0.258730	-6.698301	0.950053	-4.960792	1.184748	9.966836	5.311365	9.876593	-9.779887	6.752968	-9.129590	1.236761	0.975864	-6.253892	6.236968	0.640409	-6.449860	6.791380	2.289219	2.904894	-2.533980	2.025038	1.953875	4.090439	2.128854	-9.460154	6.401859	-5.250908	8.778333	-6.195719	7.314286	
7.414307	-5.035462	-7.559268	8.367864	9.916267	0.010379	8.411822	7.236757	-0.319880	7.006525	4.599631	1.271952	-2.208728	4.772780	1.618818	2.407828	1.791628	-0.326415	7.319896	9.676385	1.583570	-2.555111	0.342434	-8.588065	-1.142971	-1.693815	9.240725	3.066985	7.524705	8.858739	7.336903	0.476985	7.402495	4.396970	-0.427685	2.247135	
2.670146	7.860612	7.314309	1.709089	8.210361	4.587239	-0.710772	8.774081	2.617657	5.443284	-4.369413	-7.026036	4.125215	4.144267	0.888032	-9.420429	-4.132626	-1.155120	3.677130	-3.966460	-8.269988	1.483052	8.141633	4.090362	7.179925	7.199036	2.283437	-2.503931	6.296083	3.232238	7.235691	-4.593590	8.033637	1.289108	-2.553568	4.913772	
9.438221	4.483013	7.265088	1.149179	7.401681	3.630600	9.302712	7.729629	5.685421	3.737647	4.001997	1.424860	5.755329	1.839306	-2.032823	-5.929626	2.526052	-1.244802	-9.460758	1.283987	4.595193	-6.789135	1.253239	-9.438320	1.055248	6.564044	2.390786	-5.180727	-3.934135	2.631542	-6.791484	-6.613336	7.180051	3.423118	-5.230120	5.283130	
9.552492	1.035311	0.522525	1.573143	-2.940180	7.687453	-3.827784	9.882064	5.300809	-8.519168	0.278650	4.983800	1.299045	8.020586	-5.190105	1.430540	-2.608621	2.061455	0.066843	4.226319	-2.869301	9.045677	-4.843178	0.621257	8.123492	7.439418	8.334693	1.681348	-4.638587	3.990597	-8.349704	3.219187	-7.771285	2.444231	-5.108346	-2.162908	
0.572958	-8.381135	0.291984	8.889290	8.215218	-8.705544	-4.595450	5.276697	3.716495	-8.807290	7.852893	3.965901	1.416386	-6.809749	6.521293	8.639708	0.794565	1.595209	-4.211763	-0.968562	1.480939	5.178159	1.266049	-6.445396	-5.083894	5.840917	8.541157	4.647982	-1.937627	-9.253539	5.014049	7.761084	-3.153686	4.170098	3.662146	5.414002	
2.742816	9.394753	5.831020	3.170480	7.727376	3.249874	8.608775	-4.123817	6.377015	8.968392	4.070970	9.892854	-4.082868	4.962264	0.685562	-5.361849	8.096224	3.921889	4.999733	7.290332	2.819047	8.723729	9.293972	7.491518	3.451783	-7.093580	2.225673	-9.684609	9.186809	-6.169557	-1.073479	4.872253	-3.312537	0.130134	1.668652	4.613051	
0.232429	1.784647	-1.968964	8.681388	9.531904	-8.609561	1.594653	-5.030180	7.448677	7.522190	5.917388	5.728666	9.818495	7.277340	8.914300	6.472920	6.193339	-6.477622	1.161829	7.469822	5.011066	-7.662776	9.707586	7.825236	5.534524	0.745761	2.968692	2.083762	-2.545574	-5.221415	-7.013258	0.008861	5.136032	2.153002	4.963080	-8.944052	
3.152624	3.015725	-5.528118	3.660307	1.022939	-2.092565	9.626560	5.058459	0.456479	9.269293	5.217949	7.599084	1.286091	8.667830	0.939724	5.038927	1.880738	2.378046	-8.166336	7.616822	7.713235	6.235511	-7.917772	-7.867367	0.819547	4.604338	9.499365	2.790385	1.692692	4.705561	-6.099507	-3.108735	1.125560	0.184858	-8.141556	7.113041	
4.241661	4.066958	4.127444	4.260837	-2.315513	0.419987	-0.700328	0.714912	2.384077	-4.036790	3.617999	5.588856	-4.220023	2.949182	6.161471	0.276059	-9.061273	9.942892	1.784498	9.040521	-9.824778	0.322954	-4.525299	-5.391447	-3.021185	-4.416631	-6.961047	7.643837	-1.484434	-9.625819	-3.241128	9.595378	0.417291	-0.660859	6.500632	9.122216	
-5.256964	5.754906	5.525162	4.462597	-2.875643	7.437483	3.705086	-6.290281	7.523775	-1.484575	8.592642	-5.642794	-9.275941	-8.958139	4.706475	-7.086503	4.048243	3.117013	-1.717835	3.823569	2.159402	-5.028911	6.777697	-4.824731	0.901252	6.801298	8.073936	4.422694	6.240930	-8.564712	5.623542	-6.374521	-5.965585	2.967379	4.717998	0.252483	
-7.684546	9.419477	0.010743	0.478528	5.740343	0.235739	6.092271	4.446125	0.317914	-5.843560	-6.855506	-8.253022	-1.620726	-1.096868	2.231613	9.556509	0.532942	-8.248349	-7.818307	-1.063438	9.446227	-5.075763	7.715709	-5.901291	7.963437	4.798964	8.777252	5.389605	2.610365	-6.474397	5.503378	0.902384	5.866562	5.137593	5.481603	7.963597	
-9.126186	8.588038	5.353088	4.322453	5.181053	-7.731442	-1.445081	5.345881	3.462738	9.988325	3.787635	4.904160	1.210509	8.409098	6.942951	-8.171168	-1.427220	6.525820	5.720521	4.938485	3.503460	3.066057	0.046352	9.513071	-7.584403	0.596093	1.145718	3.695361	9.491923	-6.753117	1.180805	7.154875	6.397784	2.405041	7.919834	-1.411638	
-2.525675	4.878859	0.951793	-8.981368	7.164745	1.929846	7.855108	5.616986	6.819140	-0.528469	-6.157784	7.192370	-5.619257	-0.470427	2.311801	-3.956383	-7.230457	5.394275	0.228610	8.551163	8.509369	2.591282	-9.448207	5.307115	2.436615	0.997482	1.003532	2.389210	8.241386	8.333936	-2.474425	6.857451	7.673327	2.224297	0.017459	3.561062	
9.537242	-7.304542	0.880966	1.882170	9.492336	7.171818	2.514198	-1.948993	-5.694651	6.078355	8.893973	4.185551	1.670738	6.368386	5.471261	1.424391	5.190086	3.781501	1.564009	3.554170	0.205588	-1.068341	-1.220225	7.351016	-6.741150	3.179410	3.143871	-5.038485	7.961107	4.991032	5.998771	0.732702	-9.266234	-1.589357	8.971334	6.432631	
7.724121	-7.047282	5.194056	-6.933609	9.164291	-2.910347	-5.163987	5.914714	7.884578	4.741982	9.350711	5.501575	7.704791	4.495962	4.274075	-8.414031	-9.410936	9.527943	6.439299	-2.973088	2.786221	5.953429	-3.860261	7.855703	-7.953589	6.882171	5.631247	0.600818	8.609658	6.703898	2.929256	5.966103	-2.502090	5.750287	-5.122822	-1.690082	
0.640642	-0.753377	-2.602065	9.772687	-3.762457	-4.726454	-0.612439	6.627968	8.316609	-6.069841	-6.385858	2.268465	-3.028072	6.373757	1.081131	5.706784	1.017281	-7.708334	-6.302084	6.902785	7.510386	-6.912282	3.774295	8.450772	0.570306	3.841293	8.052974	9.575428	2.592488	6.577756	-9.952370	1.320444	-2.732995	7.604436	5.620942	4.618688	
6.988465	6.751506	6.287915	-1.361143	-7.391805	0.628328	-7.407226	6.821106	-5.052968	3.951237	2.955133	9.550273	9.373141	-1.760680	6.446216	2.845455	3.207406	-8.420538	7.704180	2.249893	5.480779	2.263532	0.599049	5.391250	-6.350362	6.831919	4.755267	-0.256663	-5.385523	-2.161274	9.152906	5.117220	-6.918923	4.992157	-7.405324	0.428295	
1.010338	6.888860	4.149872	1.640529	5.683488	7.878673	3.031704	-2.723485	7.797898	4.413232	2.259841	-8.835956	-1.109850	1.310288	7.921695	3.689384	-8.436037	6.043698	-0.314635	4.138272	-4.927842	2.533684	6.272341	3.935961	1.968685	4.677511	8.953933	-9.573683	7.124258	6.457120	-2.010878	-9.918656	5.454285	7.713948	8.416521	6.779982	
5.647876	0.654041	-3.000855	-7.378467	-8.169220	3.782542	2.561616	2.288849	6.394986	-6.059991	3.941328	3.030649	-6.509083	8.237503	-5.943189	5.806249	9.253597	1.965444	-6.055313	0.518366	7.934528	-7.539540	-8.404210	-6.106895	7.842203	3.933510	7.717537	4.224672	1.259670	2.647038	-6.426221	-9.424939	-5.803436	-2.113769	9.709306	8.233801	
5.008303	1.839541	-4.581387	6.844295	-2.822766	-5.550419	1.028725	5.519746	2.185322	9.466571	8.107924	3.136901	0.656497	-5.963284	5.346308	-2.285164	5.346428	4.422652	3.084352	2.734692	-5.090330	-2.582778	3.497919	2.245631	7.017245	6.163816	8.132030	-2.019655	5.628452	8.413350	3.067848	3.521752	4.032037	2.270548	5.247725	3.845012	
2.552310	8.253060	1.353250	4.633600	6.951151	-5.395873	1.477295	-3.127898	-2.506557	-0.378483	2.036022	3.856919	4.093825	-4.383794	1.906599	4.448775	0.686005	7.482818	7.938198	5.867401	-0.607780	9.871377	-2.085375	6.823883	-1.730399	8.699719	1.520778	9.136832	-3.107940	-4.266131	-8.732608	-0.153064	4.302325	-3.824645	-0.522427	4.921689	
-6.472331	5.087738	5.616820	5.255102	7.746178	-3.628244	-7.542363	1.869740	8.102496	4.748386	-1.080300	7.854982	4.921778	6.911141	8.669800	7.231957	3.057391	4.387690	9.001411	9.350932	4.993491	6.145318	6.669187	-4.374442	7.672406	9.845241	0.282527	6.632650	-5.353492	9.652716	7.965072	4.706831	6.297669	-9.714874	1.431530	2.614242	
4.684758	-9.755571	-8.951345	8.248469	2.350904	-4.148624	4.690965	-1.455152	1.144280	3.664058	-5.195670	-8.810367	-7.698474	4.133770	4.679633	0.638245	2.488607	7.513765	-6.139910	5.148264	0.172800	9.822037	3.865324	9.125092	0.390871	4.397152	7.129913	6.408786	-4.523580	8.614801	-7.603343	9.683172	0.929700	4.918217	9.262046	6.715449	
4.003185	-4.570685	3.172210	7.146758	-8.984649	-4.206796	4.827933	7.792910	4.821774	-5.770991	0.434090	5.801644	7.768652	-2.927060	1.291937	-8.075079	0.593969	1.022821	-8.662048	1.242152	7.684374	2.072592	8.966479	9.754307	5.355055	-7.168139	8.927666	7.905914	2.826883	-2.726625	-6.077408	9.673555	8.469314	8.768254	-8.449857	6.016470	
0.488562	-2.949445	8.953722	3.809998	9.505144	-8.515946	6.687447	3.824452	0.672389	5.004237	3.852068	6.315683	2.629693	4.860522	-6.933138	-5.803890	0.605354	-7.716652	-9.655075	-0.637348	4.998600	8.483159	5.953510	7.799636	5.283622	1.350773	-6.582707	0.102161	8.702982	6.899802	2.037516	9.003841	-0.893888	-6.443688	4.345994	-6.497569	
-7.804548	2.065289	-2.883231	-1.032623	5.259800	-4.041393	3.071624	-5.560563	7.559641	-4.874119	-3.288221	9.247211	-9.977346	3.188887	1.052626	5.893065	8.822678	-8.369018	2.831434	3.785740	-4.347185	2.815868	4.153453	0.604702	3.547762	3.747033	-9.862924	0.511258	3.304035	9.795212	1.736103	-6.920628	-3.992833	5.362980	4.370537	-8.207083	
-2.002007	3.403019	2.496003	6.049024	5.392369	8.340463	2.888824	-0.831274	-0.259023	-9.145392	9.821195	-1.749313	-6.221211	-0.580112	-7.773588	5.446242	-2.411892	-2.406787	9.434543	9.246523	8.442083	5.371919	-5.104358	0.536359	4.005023	5.086736	1.364960	4.368608	9.031841	6.942347	-4.415494	8.784439	-7.848825	-6.794534	2.938873	-4.010417	
0.334909	4.565890	-3.613296	5.965953	-0.057400	-6.733981	8.705965	1.219293	7.115686	6.813956	-8.030178	6.406603	-3.427865	-3.601197	6.232457	-9.321663	-9.293567	1.569754	-7.816396	-8.403072	2.674332	9.106576	2.729540	-7.536224	-7.963398	-5.075390	6.993799	3.097232	5.296963	6.585975	-5.752816	3.416156	5.149496	9.965060	4.713249	0.489498	
-4.969342	-0.054866	0.929488	-3.199021	-1.531408	3.445024	8.786635	9.546197	-2.984459	1.451285	-0.062289	7.687269	7.833283	7.975631	7.624342	-8.667448	9.229580	-5.177659	3.241567	6.603480	1.404720	3.461756	-3.518594	1.104903	9.081947	9.856740	-7.988203	-6.431190	6.457986	7.534440	1.990788	0.221582	8.249416	7.931742	6.168994	3.533301	
-1.183448	4.476956	-2.885789	-4.737571	-5.641429	4.833998	4.691415	3.804293	-4.260461	-9.181791	-3.266607	7.274462	6.565063	1.381918	-8.015150	0.228523	-3.833792	5.689797	-4.158008	3.566647	-6.616795	-6.331315	-8.532100	8.453600	0.554495	5.827863	7.025856	7.617907	-2.302139	-1.038224	-4.083559	5.813869	-9.507845	-7.695575	5.779342	2.815685	
-9.380879	5.489740	-9.521593	-9.123159	-0.488203	-1.723239	0.264331	-3.541964	-5.924223	4.974994	-0.500180	8.966988	8.850270	9.202136	1.896645	9.107327	-5.800495	9.875907	1.819011	-1.130997	6.786828	-0.041566	5.482973	-4.852530	1.496670	7.924534	8.857924	-7.173371	-4.073585	-8.505110	7.612945	-6.978292	4.553032	9.269421	8.151293	3.953059	

Risultato:
Matrice C di dimensione 36 x 36:
-0.302032	-178.048547	206.153091	190.093608	327.971958	-94.349753	176.568285	101.482288	71.870449	229.275163	214.076975	246.644305	-79.215715	-93.823757	72.866720	-728.347774	330.994118	-12.744984	228.886522	162.247109	-83.612737	228.924550	146.495776	137.933296	-66.102910	151.473349	-395.303540	-38.663847	246.148516	553.154338	152.478531	233.994322	-5.279840	-47.325799	-41.987899	-211.059159	
144.171588	176.210332	111.121108	168.652133	-155.958503	12.413847	94.882448	-77.293283	62.365868	141.064490	-334.068696	-141.467688	199.593477	-60.578590	43.308471	-43.752723	-58.578461	-120.431777	24.853862	-191.742844	-79.448049	-149.783860	409.312828	160.394182	32.501949	-52.348256	-48.037075	-27.399643	-158.223496	132.133804	-18.958549	-3.207083	177.336153	-2.078734	-153.056629	-62.552383	
36.053791	355.240098	-24.483490	395.416953	575.530320	2.339895	510.445190	143.704277	248.707819	205.348023	-180.735831	280.798371	213.234757	139.632698	119.827248	-8.724875	-12.426226	7.076952	-58.872822	245.171115	228.971653	213.367443	488.047057	346.522248	507.551293	388.018487	357.203532	93.795064	196.040292	488.204288	-134.120499	378.216298	324.635653	106.861340	293.564493	97.672346	
385.835844	-291.215501	-111.967507	116.817719	-30.901122	36.909735	-25.516715	138.230381	211.353844	22.744678	451.615307	338.344592	-61.652678	376.450937	19.186278	337.406513	248.262087	244.045120	282.257871	359.941980	12.681518	-163.012721	-347.021873	51.922222	-313.796409	613.108807	447.981455	261.461484	-130.984477	109.142458	109.020330	-234.739256	-195.328503	-173.462553	68.648947	-36.897114	
493.581410	-73.564306	191.310946	451.113062	159.213345	82.479175	161.020327	171.059359	592.341239	96.999774	278.331873	-72.325074	73.288481	131.144016	175.482113	89.784641	1.814162	39.259551	-113.293392	174.804528	267.726676	158.501760	68.907203	304.037220	133.200345	508.994308	592.860915	265.493867	92.239907	401.652514	-425.839288	86.476473	95.063633	-52.635919	-146.054401	92.039818	
-38.333871	647.266688	49.662223	477.014743	420.212884	66.961489	175.321767	-39.616172	320.759536	458.148415	20.282426	140.361174	44.716092	267.995468	520.837622	144.454974	42.727649	50.483314	187.438812	384.690063	227.868871	37.065750	311.398139	-58.493148	246.241295	134.059275	254.819682	173.499025	245.617698	94.696814	-145.761940	155.579806	169.781898	127.472860	256.680834	144.759911	
362.135393	-169.332430	-5.483604	84.714762	-257.962843	18.225794	-493.422053	327.087618	63.775888	-192.771403	215.726754	168.376247	186.034970	130.663100	63.655163	152.544572	106.986773	82.365444	113.177942	284.095384	-192.777257	-171.247576	-69.633331	-260.025667	36.028777	315.185656	22.025947	114.911463	-535.164284	383.902607	-49.955544	79.480458	-358.719107	8.416549	-164.768439	86.907893	
451.554557	303.440376	-126.633234	324.034728	356.451159	193.754080	214.474424	177.664272	5.398537	289.983747	238.269088	194.009088	342.407213	272.263488	156.546120	177.538212	113.947589	27.460056	23.887209	267.056296	56.884362	-72.804453	91.792954	186.131824	200.126975	228.614903	585.442418	-57.302261	105.185229	238.608997	-254.003250	87.040392	-122.023964	169.865993	294.157991	334.038539	
74.272864	97.549352	150.273858	130.174581	505.834046	197.901615	68.529214	78.734874	338.349370	282.949987	340.417506	28.777794	-105.902541	230.381004	357.967848	-179.388993	-203.758313	482.387768	264.084263	238.834003	-51.868978	226.082477	246.211320	-24.891034	78.341702	217.136047	82.631276	-173.907829	492.770751	333.066170	131.916375	214.494250	142.807533	268.995301	321.561713	230.935047	
183.325552	266.961327	406.102762	113.530012	393.232466	171.158170	33.619407	81.777761	186.932756	320.944137	296.941382	27.412405	113.390204	159.693878	212.691679	-64.200616	-327.789777	295.501824	453.088498	149.733039	26.367277	153.936125	144.801963	-24.412891	-71.037155	320.466126	7.941932	-137.662363	136.566255	76.454398	375.355701	99.010595	248.717079	1.816766	-4.890492	-177.339244	
-123.071351	72.716951	-8.900289	-94.232645	-624.223991	73.827357	-50.326921	251.912515	-81.813253	10.383020	134.657606	216.704888	282.921179	8.714203	-107.568615	-355.114117	11.805417	34.759666	-185.154584	78.718315	338.934227	-208.805854	-137.578324	146.793479	148.446728	71.426460	93.701753	97.876893	70.401700	237.967794	-258.675895	209.282092	-140.260979	-26.905050	-200.201993	-41.568857	
158.080486	305.713514	166.760328	270.956263	-42.063821	212.630161	176.172649	130.097238	87.402101	-20.090113	-170.449596	-14.414205	170.229986	23.468041	-20.578114	-61.319264	-147.420460	87.784972	-248.973933	-88.572489	-139.828070	-170.896950	310.993630	338.115422	424.665704	9.077057	292.757009	167.818959	127.208163	-43.297200	57.726826	333.825308	49.331947	-125.989585	278.048275	346.998517	
-42.241034	431.151671	-294.751720	45.480406	299.729659	51.031710	108.970011	-18.273884	21.936616	206.022617	70.839501	44.466672	-16.843780	-105.893092	202.623707	358.616111	-96.556060	-5.069893	184.266081	176.527986	211.001013	91.033543	-55.621674	-49.104336	28.358194	338.945428	580.950940	86.303830	272.153918	301.377701	-29.624827	-166.588839	-65.239374	298.659393	116.464103	239.842021	
199.394560	328.292021	-99.488032	41.998081	135.718538	273.989510	548.602446	488.797818	232.468741	222.227203	-77.878743	532.083512	236.236507	591.993004	192.676221	-16.513707	157.385850	-45.055753	32.877681	419.153741	442.148263	94.043403	165.316220	162.121128	309.167240	416.928595	564.352800	-16.726999	354.451214	635.771185	-87.364963	34.773823	263.881678	466.906089	28.161349	421.950859	
227.414876	222.067289	100.899791	187.962472	165.930440	62.508710	180.929540	312.706128	-4.021346	421.870236	209.497372	395.519813	429.573322	399.710771	347.316020	-84.274383	86.588994	316.314056	385.858914	510.323495	108.534892	100.996527	175.782759	224.824895	95.803016	218.590529	48.989209	-24.121175	195.122729	302.977784	-16.655256	259.687611	365.681785	118.916143	-218.298218	298.590902	
167.182318	232.999712	-64.179095	54.387823	45.125960	1.047930	-293.414850	143.344873	-125.360288	191.136264	179.326141	-45.278430	465.981602	-22.511411	213.892735	220.615479	-55.485227	173.809518	218.651293	63.795362	122.931769	375.418537	323.957729	281.426512	278.143439	222.549045	403.964987	-154.458875	-40.831467	-60.371095	-149.993779	302.265588	4.669078	199.942448	-380.874821	264.529041	
251.631611	-55.013146	-114.622158	-64.410099	-55.904556	242.007844	687.100598	187.944619	-133.756194	-59.975791	34.599426	10.275525	56.504402	193.718286	-369.390867	-13.591529	-91.394719	-64.233623	-217.308299	-86.767014	268.273105	76.044506	-252.209417	-232.021513	-32.907487	46.970950	325.104108	-136.036215	216.278555	57.287838	-219.669259	-198.498353	248.807531	84.226950	12.037612	191.649034	
247.719226	422.851733	54.857950	264.589719	-45.064458	260.465200	426.285676	186.334700	19.185770	-129.480694	-41.752137	113.393184	-50.181023	37.408644	-119.154603	-45.568421	-47.665202	73.126188	-137.947954	203.442209	-132.973472	206.981629	169.555229	33.131355	484.487355	214.735010	119.764099	134.341268	155.180286	194.570851	-186.195485	292.250682	-116.669930	71.122170	135.674902	231.602721	
146.827155	205.788747	327.092627	341.608266	316.651977	108.977705	150.213342	198.179276	452.384194	-13.505983	140.905786	84.440303	-32.498332	228.867198	342.058446	151.036779	13.521086	101.749919	303.671498	194.049586	305.559316	2.917393	164.030209	-125.461636	276.437370	257.591025	93.509864	206.278748	326.037798	178.229399	206.915615	182.963957	264.372515	-69.728076	221.431501	209.683273	
280.823077	21.576865	215.765568	111.173439	-5.640929	255.379807	104.125697	129.466588	-21.763271	7.542384	277.448015	-124.017183	-0.549106	-129.837920	-33.956890	-196.301778	128.809803	103.557463	148.422892	117.137537	-209.832290	-111.063062	111.917064	38.198976	160.404117	221.500475	16.382092	191.556534	226.528614	332.539359	172.989947	20.316031	71.782873	-215.421295	-83.255707	161.980650	
245.349823	-202.874112	-121.405823	-79.117592	-217.116779	131.471916	65.177166	-58.901371	256.371030	-470.091077	19.888311	217.913992	-16.923302	189.391618	-194.454050	514.021097	-77.484505	-88.037876	-316.979587	-76.541688	191.939694	69.015780	-406.725118	96.618914	-37.987584	369.794269	456.926645	360.167400	-158.585307	69.716238	-340.219638	-133.452952	-441.237210	-27.846477	76.877509	-57.617170	
-111.956154	184.917013	38.816858	396.970325	518.108009	-285.001672	47.449851	421.010486	358.599349	93.955331	75.685138	385.451932	180.017453	255.955912	401.445756	-123.665295	-140.950622	214.830297	283.335348	465.729488	-25.899098	387.213255	82.972282	505.657665	236.343038	377.886729	180.597571	373.959104	329.802061	281.394330	-121.484344	665.463457	311.639752	180.864369	195.948736	109.303949	
-73.424818	230.144030	86.327151	324.334750	453.460727	-118.382994	479.244295	83.867896	390.879258	601.971905	174.579704	370.735609	171.811920	180.723039	556.542793	-238.707274	64.788202	14.268153	19.998149	249.255899	483.177504	31.548354	714.816570	305.792229	267.143608	103.074626	367.768891	-20.111687	593.543013	371.245628	278.961912	468.669418	462.023348	417.787899	414.767440	98.578957	
281.265003	-122.523816	144.791901	208.203095	-135.497560	-70.529311	148.426025	4.699182	54.226302	70.258359	-64.116215	-120.969854	-85.842685	83.560792	122.042912	79.943017	206.681999	-243.399137	-119.527897	-105.071860	267.839099	-97.611818	-19.161368	-237.894162	-176.555979	2.492941	-215.367020	65.849655	-347.266937	-144.936297	2.514280	85.267441	64.609979	-56.074426	-96.877652	-72.985433	
364.040619	169.531838	14.533858	416.747567	397.597489	-272.534821	-197.087644	150.213772	238.209332	429.030195	69.502578	20.517207	250.593692	338.643962	350.521555	405.307007	-364.491232	332.496049	111.366343	75.949462	73.407664	375.562736	269.962306	-2.960592	-70.782700	350.886707	556.892086	116.454242	-98.836225	197.622551	-8.567283	132.669084	146.617630	207.580432	254.800495	215.649223	
70.803651	322.254117	143.137497	285.375023	263.128309	-79.495264	401.773299	123.264671	535.718158	26.802984	168.977822	446.212821	71.182042	198.128588	278.656783	-216.368990	-57.004096	192.417185	-115.677874	309.572212	61.246986	21.954121	412.546430	609.252647	323.522133	259.813465	297.643265	196.149658	552.936304	93.997024	-354.951189	289.190491	182.744382	355.821416	448.005439	191.970705	
-40.780909	104.241198	-62.161477	37.734802	-63.922116	-287.451604	-36.380758	354.263713	-215.804856	89.539422	-45.069389	280.290810	496.480194	-19.701244	51.495354	-225.156340	-184.540662	195.394276	-39.223331	-17.982967	33.654352	271.378496	396.736667	372.645360	-100.519296	287.547037	362.541532	139.566398	125.371116	-18.061315	-56.844254	376.003167	134.067739	297.534712	-100.200285	240.220142	
188.662876	117.586852	-45.643377	-285.220080	-91.263686	544.732768	-24.689235	62.454039	12.552356	-179.029428	-94.456367	-201.250583	-41.326641	134.606776	-240.159394	85.496397	-287.607630	63.131367	-48.490970	-242.135764	-84.871466	-304.101942	-439.508783	15.147739	216.044098	-5.330967	98.619014	-51.843477	95.778590	150.210866	-46.398041	37.671150	-318.474528	-218.264737	-47.109242	-9.598425	
-10.343095	-185.964052	-39.465702	194.155991	131.349925	-102.020536	-116.567123	-26.700624	106.366299	4.878302	29.361962	47.376928	-220.761828	179.593498	211.898067	37.940756	111.490150	253.613497	-111.399509	107.713150	-85.259464	279.722188	-392.629576	32.749797	66.862479	44.546803	-202.428861	275.389675	-72.763701	262.961891	-161.086736	186.069386	-93.872740	-192.283094	332.548213	89.536182	
116.580844	-47.804178	250.756042	85.565570	232.326719	140.674590	189.218307	66.150887	259.007592	-29.147932	-85.261833	142.421424	19.185113	158.474251	87.313479	-82.124554	-30.498533	9.438459	-136.523379	0.136149	274.051379	190.602930	96.946484	130.716004	138.625846	239.336235	-63.437718	37.686955	197.990537	631.148588	-15.956039	241.567477	-138.624054	-103.288670	274.991345	2.261599	
413.482239	80.051944	61.559371	153.726490	-30.630414	-32.076446	279.034368	350.778118	-74.512953	165.651454	190.606039	339.334307	122.513886	37.979755	198.968691	-363.252105	213.901595	308.552300	-93.983210	424.050608	160.345494	266.271996	115.978123	17.840494	75.306934	41.086217	118.837104	-26.514306	92.403181	171.506736	-291.018184	413.217807	-4.001133	339.870912	30.882509	527.214972	
152.727324	112.691485	-147.523162	97.104943	121.101367	13.847055	126.822707	211.893759	53.136559	-139.315852	-292.177948	229.157405	57.984662	-35.200111	68.837710	325.039788	-62.113449	-193.045860	-80.635301	85.170209	96.482080	50.597361	-105.135547	-104.380210	232.867233	-48.444841	91.003485	28.403379	-237.234426	174.911512	-19.832208	428.739493	6.570576	157.657236	9.858444	-37.277924	
417.641391	56.001633	-28.887754	307.921180	64.642226	-21.576609	454.649316	199.963764	611.220542	240.843033	141.475412	202.797257	-27.454696	257.338912	389.629853	-91.055134	4.510731	180.907730	-54.568053	351.214021	76.140321	-33.614342	81.719927	88.813457	304.789685	255.280213	383.583633	271.125073	221.323717	386.054963	-250.128139	-54.148821	459.150922	372.716392	105.520139	218.464057	
-212.791463	554.551172	-81.688256	-136.380594	30.321795	16.633559	250.079217	41.790671	351.301215	-138.332212	7.123187	513.249692	171.613209	231.732102	17.223344	401.531608	180.393242	-219.557226	-289.874623	372.200548	139.447284	-154.250022	-83.662061	365.716195	558.330957	448.288524	331.010117	140.247586	62.033233	72.042255	-511.160214	-170.077825	27.580859	57.076316	308.689381	73.271067	
139.197141	146.393446	-40.800866	544.195485	393.164024	81.633717	277.003525	280.820443	239.304649	473.829090	438.697452	157.745465	237.527582	461.370413	400.677783	-47.849111	195.522751	348.281389	49.155620	409.618898	339.429473	107.759921	334.948844	88.230305	171.414491	608.457646	716.184976	60.763665	350.260319	288.200462	-36.953676	119.826760	135.712703	200.342611	361.718732	425.513908	
377.747128	270.430655	-35.559217	198.948739	-183.237673	398.610017	397.172721	236.340076	-222.442891	151.095278	0.268594	11.416346	-181.750768	391.710157	-67.495666	118.714347	-36.126071	-6.412599	-62.435126	211.833856	151.131415	105.036394	48.012066	-312.623181	128.780906	181.809637	147.506891	-169.895463	208.205860	327.500798	19.114232	156.060634	-261.066432	121.819146	384.875872	333.925407	
