
Matrice A di dimensione 36 x 36:
6.596509	6.648304	3.999188	-4.759816	8.524963	0.703195	6.440589	4.381326	0.812989	-2.169987	4.622569	5.127414	-3.547952	0.224243	6.094859	-0.607785	7.327765	-8.885720	2.710323	3.794210	-5.562997	-0.888529	6.050244	-2.251178	4.078905	7.570348	4.814323	-8.327149	1.887114	-4.914750	-3.677021	0.673340	2.778624	-2.331738	-3.204596	-6.724233
0.623354	-0.771178	-2.882618	-3.536830	7.443522	5.662998	-3.804941	-0.620120	2.541538	3.674027	1.057405	-7.223344	3.906428	9.324976	-5.681030	5.878617	3.661970	-2.977981	-9.672151	-3.506111	7.621991	-9.373518	-3.159256	7.118986	5.528508	-1.919352	-5.140380	0.421942	8.697778	-6.157832	5.796126	-0.683192	8.686243	-6.002684	-0.175985	5.474068
8.677904	-9.224908	-4.841224	-7.537954	-7.136907	6.955644	8.600002	1.324095	7.124503	-1.676589	9.518375	2.378725	-6.020955	6.563013	-7.890205	3.994916	6.884667	8.405269	9.563717	2.095622	5.400529	8.977910	6.428851	1.298311	-7.783931	-6.473983	5.334681	5.506924	7.234117	7.552575	-4.107017	1.692431	-4.767315	-2.717574	6.040923	1.031656
3.864461	-5.441983	0.311571	3.846666	-9.715193	5.397808	-9.173356	6.405509	-2.974669	1.531795	-5.505576	-8.073369	3.321927	4.603923	-5.604138	-0.804302	5.645145	-9.761911	-2.986579	-4.052219	3.929226	7.751646	0.354760	9.510055	8.115240	-0.411114	4.266077	3.893707	9.275425	6.950855	-4.133209	4.348161	4.001443	5.735071	-7.718649	-9.689793
9.237317	4.750457	1.598595	2.921505	5.302363	3.334651	-1.817101	-7.156445	5.725988	5.972089	1.862457	-9.637551	4.430322	-2.851921	5.159912	-3.796846	-9.983154	3.989307	2.807815	-1.295584	0.243431	-7.678618	-1.858593	3.153058	-8.942362	7.443778	9.445397	-6.668720	2.453951	6.024691	-2.062356	2.011093	8.368840	-3.627260	2.911212	-9.286832
9.553080	5.215175	-1.800512	-8.996254	7.493380	1.547694	3.521362	-0.814497	-7.737055	3.589176	-6.660726	1.844922	1.600669	6.206220	0.395027	-7.666523	2.458501	1.359780	1.249931	5.001887	-6.796067	5.682088	4.765995	6.292741	3.335774	2.302461	5.482187	5.026065	9.619566	1.594736	6.725337	9.962699	2.142956	3.442850	1.678513	2.136198
4.994318	-8.792008	4.314872	-2.263362	-4.966667	7.647146	-8.713207	-7.531709	3.905496	8.347365	8.387703	9.814671	-9.632543	-3.923546	1.702259	9.785635	3.878029	6.456890	-3.662392	-5.843547	3.286076	9.077913	6.163903	0.332056	5.736067	0.700233	-6.989485	4.654429	3.772426	7.933084	4.637718	-2.171262	6.296362	-6.708648	7.348404	8.587814
6.042887	-2.633763	4.275349	2.276190	1.645239	4.135186	-3.491328	5.256753	7.367590	2.738438	-0.908555	0.521056	3.537852	7.163672	9.781898	1.520735	3.417212	-8.031575	7.120317	7.703977	-3.284189	-7.400281	0.628778	-4.039270	-5.846869	0.001676	1.687408	3.960343	7.752435	6.111516	6.875501	-3.359119	1.786749	-7.985274	-1.698459	-7.672622
7.528413	1.758164	-7.729936	-6.153558	-2.575142	0.332230	6.677966	9.487810	-5.416588	1.964734	-3.231577	2.584801	-6.714547	3.925392	-6.259325	3.395654	6.670917	1.944929	0.951252	7.977658	4.253722	-7.788944	-2.602461	5.362089	2.876081	-0.311137	2.650676	1.125984	-3.466013	7.778228	6.649390	-3.513077	6.327700	7.721160	3.556493	0.805346
4.008706	8.741903	-5.871045	-4.630216	1.430814	4.854783	7.837291	3.446712	1.032143	-1.028642	2.398823	-1.001840	9.999725	6.005476	-4.421818	-1.366433	5.405113	5.041691	4.212328	0.023283	4.613260	9.724631	0.858834	-3.753855	4.396284	9.572510	-9.324216	5.521630	9.297351	-2.880160	8.337928	2.149692	4.354930	-5.019198	-6.863290	-4.210399
9.920548	-3.927100	7.106374	-2.670358	2.463451	8.297765	2.817219	1.111609	5.346500	5.833738	-8.238362	7.427468	-5.174814	1.160549	-7.489148	-3.514652	9.305978	8.189077	5.122706	7.915009	3.102304	9.373825	-0.032169	-8.034094	-4.477204	-9.063097	1.851263	5.308858	-8.937231	9.064179	1.840355	3.836074	-0.020583	7.558684	-2.884586	2.729447
1.686468	1.906414	2.588706	7.097305	3.808340	9.781476	2.650966	2.685679	1.559741	8.014575	-4.328689	-4.546428	3.875800	9.492561	7.578805	-2.747277	4.325280	0.983909	-4.594199	-3.979896	4.241616	4.062141	-8.851706	8.480780	-8.497678	3.811542	-8.346004	7.175639	-0.463081	-8.982191	8.890209	7.307160	6.383160	0.129475	6.372283	9.379898
7.870744	-7.506482	0.189860	7.133896	2.482617	1.513905	9.303407	3.050425	-5.357744	7.808375	3.762085	7.463442	-3.406603	1.122604	1.702289	0.392786	3.944542	6.295483	3.886530	2.821939	4.374817	7.197767	3.025388	-3.444713	-2.280809	-2.631085	-6.368622	6.188138	7.687445	9.554112	7.813244	-8.962767	7.846166	-5.892187	8.687628	-8.101842
3.049970	-6.740669	5.547801	4.458490	-1.438469	3.871504	7.184103	7.582316	7.370384	4.261281	7.083325	-6.941414	-8.482298	6.662187	1.547728	-0.232371	0.063638	0.673057	-7.158422	3.440049	2.221122	6.403983	7.371195	4.276773	-1.122727	-9.925207	1.762103	3.135543	9.700223	7.414326	-4.561759	-5.845650	4.619738	-0.236835	1.650254	0.375052
-0.988437	3.276602	0.765333	-3.101210	-6.091429	0.094112	9.893039	-8.097932	3.027386	-0.841213	-3.158955	2.214541	3.205571	9.556852	-6.128261	-8.727201	-6.710938	-5.476329	9.557177	9.364332	1.603957	3.502138	2.688099	1.090257	7.112327	-3.304630	8.618334	8.049974	7.970548	6.679730	-7.538730	1.215507	7.410734	1.725940	-5.269376	2.616517
0.548715	-8.370328	7.718724	-8.952299	-1.392056	-5.102332	-7.776100	1.834295	-0.759132	-9.845456	3.920956	2.547530	7.752799	8.299601	-5.363742	9.895508	-7.034773	-9.149272	-7.726421	-9.584547	0.358501	-9.128867	7.839185	3.881248	9.477186	6.896180	-4.787668	-4.729831	3.717180	5.562642	3.945549	4.993380	3.723987	5.733818	-2.244223	0.568885
0.005244	0.737324	0.660913	6.442747	8.345277	3.536240	2.782636	5.673411	-1.295502	5.580739	-6.694204	6.221373	-4.716771	1.868599	-7.273556	9.563718	2.135235	-5.123230	4.919615	2.934247	-4.904903	6.397836	4.736558	4.187356	3.307301	1.273112	-0.342214	0.419696	9.449676	2.019979	-4.725778	-4.002031	-1.884739	9.657162	0.691238	0.069244
-9.061896	-3.283680	8.538327	9.830516	7.239132	1.847132	8.598113	-2.640330	4.555122	-4.771020	-6.244005	-6.141914	7.898312	4.933097	8.390485	-4.185691	1.469421	-1.250836	-4.940408	1.853376	2.184979	9.760885	5.967336	8.830880	7.061524	-9.803359	2.374951	1.434272	-1.744349	8.862813	1.369710	-7.587214	0.517875	2.846880	-9.919402	7.637822
-8.400764	2.887473	9.799922	4.890558	5.320253	-0.166974	0.639190	7.968467	7.968615	2.518372	9.879783	2.177456	-8.943636	-5.855940	9.724591	-0.967420	0.892468	2.493455	5.573247	7.553835	2.077931	8.588704	9.322054	5.100660	-3.388450	-6.628994	7.724619	3.665891	-3.830785	-5.531293	3.015592	1.680731	0.353606	-4.600450	-1.558200	6.820353
9.875093	6.353252	-1.966227	6.487816	9.072945	8.622910	1.923259	3.465818	-1.810631	-9.309420	5.495825	8.734283	5.164338	-1.776284	5.489017	0.358669	4.005692	4.561256	8.165833	-1.326596	4.165881	4.036341	-2.238307	-1.843184	6.499270	8.875161	2.142756	-7.844526	-0.944177	4.029632	8.217446	-1.797304	1.100222	-8.195058	-7.407632	6.504832
-9.471160	-7.662653	8.043331	-5.758406	0.658441	-6.537697	2.243011	0.108291	4.003032	-9.620382	-8.526225	4.443616	-7.776246	8.892501	2.160328	6.757392	5.938506	-3.340956	3.925881	8.524440	3.732929	-7.385519	9.444359	9.163128	1.631733	-5.667870	-0.201197	9.784404	2.750160	3.161322	4.074239	6.541977	-4.338758	3.994583	8.982295	-2.848962
-7.581159	8.691163	-7.728290	0.472910	6.637802	9.517981	6.252267	4.816443	7.979291	3.912915	-7.896478	2.066275	-0.337825	0.499877	8.579881	-2.035343	3.583318	3.186558	8.580798	0.671631	-9.800249	2.057599	9.491997	5.054942	4.851807	-9.524817	9.422749	4.983522	7.651951	9.080693	8.832237	-2.392872	1.842542	-3.727163	9.238899	5.641939
-4.588405	5.091664	4.573581	1.551689	9.114463	2.173673	2.667599	-8.297786	-2.640594	-6.551383	-8.494514	3.888386	4.523686	0.760395	2.014342	-2.801733	4.101873	0.683148	8.040002	8.100842	-3.311342	5.691677	-7.431711	6.298492	1.367941	-1.545136	-1.794129	0.199512	-3.049070	-0.080399	7.362242	-1.666158	0.775529	-0.139570	4.584142	5.969996
8.514927	3.874426	5.651136	6.018942	3.022792	6.881533	2.997599	1.134735	-8.040952	1.110081	4.097267	-6.867309	5.125544	-3.688328	-5.247291	7.605171	1.319997	-9.708856	-1.652514	-3.990210	3.291876	9.492227	7.952787	-2.336145	1.842097	1.396933	6.222464	-0.812161	5.271121	-1.057695	-4.158813	4.280630	0.142462	2.449942	9.717285	6.470282
7.311895	9.298637	6.589472	1.258420	5.081007	4.370934	0.919595	-2.651480	-9.683584	6.709129	-2.372040	9.321207	-4.979245	4.309478	-8.211301	-7.705691	6.742270	0.787877	-8.639110	1.763311	4.701651	-5.023589	1.317341	-1.811962	1.384243	4.843322	-9.510850	6.270785	-5.935678	-9.186626	-1.360024	9.670176	3.896645	1.434035	2.504351	-6.255873
-9.331592	2.827248	8.954532	-1.649858	-3.160302	4.095058	0.657709	7.161247	-0.946107	-0.740367	3.240190	0.408424	0.868596	9.672591	-5.039806	0.578949	-7.207927	-5.020331	-8.045408	6.501233	-3.163368	3.876861	0.962135	0.414465	7.385981	4.214373	1.565374	-7.763005	6.465256	5.806917	-3.364061	5.876460	9.792064	-6.734446	7.566979	9.043181
3.831971	-4.551425	3.958150	-6.702349	6.120721	-1.970302	5.539518	0.120065	7.168903	3.509836	-2.312849	1.104952	0.283086	-9.942385	1.075077	8.580413	1.905608	9.701155	8.097726	7.207890	-7.320225	1.904542	8.911499	4.864516	7.951590	6.613366	-7.760647	2.369352	-5.557716	-5.893799	1.297302	1.539841	-7.606049	9.066669	-7.644500	9.922223
5.452750	-7.824467	3.851372	0.444651	1.063334	-2.067401	4.776335	-6.867715	-6.748489	6.966844	-7.235726	1.248702	9.747682	0.545551	6.589929	2.356906	-2.294538	6.406929	2.870356	-7.948872	3.909597	-2.757671	4.453026	9.019983	2.386901	9.247307	-4.493512	-4.464403	0.811379	1.633376	5.477727	9.443988	4.171655	3.918175	2.702497	0.975701
1.883320	-5.298026	3.358759	-7.537862	0.304836	-5.368288	7.281177	9.039543	4.842644	5.493865	4.663201	8.092635	0.788770	5.876867	-3.877857	-0.103361	-0.585940	-2.097524	-9.719395	9.690359	-6.420554	4.822580	4.891337	1.794288	-4.535041	-0.054351	2.226006	8.033099	0.157796	-6.506043	-0.762534	9.796830	2.010791	-5.293172	1.529740	-1.754417
-0.042178	-1.652026	0.439120	4.667495	-0.734467	-4.172404	2.868831	5.975249	6.115469	7.062280	-9.090696	8.226476	8.753465	2.831673	-8.503179	8.233500	1.163088	-3.478871	3.331841	-6.576369	2.868211	7.026780	-2.954275	8.763670	5.483320	5.947746	2.685061	5.675502	7.693869	1.721731	-3.093265	4.742404	9.840758	5.858560	6.367640	7.238906
3.183701	4.972893	-7.267714	5.207720	-9.562513	7.325049	5.329687	3.686100	1.507727	9.220603	-5.363063	8.857345	2.184281	-8.376420	7.150834	7.787771	9.881012	6.472512	6.497228	-9.899759	-2.835697	8.307315	-0.225360	1.188940	-7.401245	6.334079	-4.372549	-7.968129	-9.907330	5.108751	1.959875	-7.392700	5.657186	-8.989612	-5.545444	-8.214155
-6.114178	6.546525	8.514884	8.072625	-8.145007	8.680437	9.598129	-9.074387	2.993115	6.563623	7.079659	6.793876	7.821536	4.891259	4.672858	1.748121	9.626883	7.126575	-6.030112	-4.057896	9.605905	6.692676	-9.386900	-8.709493	9.950200	7.333005	-9.229440	9.766705	9.910370	0.417956	7.763377	5.370265	-0.460724	5.532027	7.696041	0.665955
-2.328257	-6.505980	3.125693	4.095173	0.488589	-0.105753	5.555060	6.769006	4.530421	0.048658	-9.353039	9.684058	-7.915763	6.304599	4.806010	-2.913749	4.329185	-8.849425	4.635201	-0.530771	4.372776	4.841820	0.508981	5.393266	8.797787	7.333199	-0.860847	7.964590	2.233344	4.388414	1.239743	4.173620	6.721892	3.023806	5.967642	6.480883
4.191101	0.268254	2.933528	-9.739483	-1.103445	9.882140	4.089941	0.740902	-2.115919	3.362637	2.431479	8.924591	0.559302	0.510463	5.502974	-6.867362	-8.314049	4.394157	2.797137	2.978891	-1.206323	5.864874	0.707761	1.619548	-1.735093	6.179343	2.518443	-3.319943	7.052331	9.604690	-0.821753	2.249380	-3.607669	0.383378	0.777176	0.305387
6.223300	7.279763	2.776038	9.754742	3.881497	-8.677703	1.038020	-9.477685	5.828052	-0.645656	-5.554427	-5.785606	9.538572	-5.566901	-9.531253	-2.299247	2.042550	2.685614	8.478322	-9.329719	-8.374441	8.759759	0.005067	7.502812	-7.319819	-2.482924	-1.043502	-2.036341	4.437514	0.897822	3.475530	-9.723320	2.776080	0.336668	4.849289	3.614221
7.673808	-2.636191	-0.611425	3.511995	8.287470	0.805490	4.263449	-9.913046	0.445073	2.669730	4.007937	9.438683	4.801983	-8.038419	9.441738	2.875002	4.026621	4.794422	5.650196	2.569289	-4.301335	-3.268638	6.216609	7.265747	3.992552	-0.582285	-2.328527	4.784506	-9.796320	-6.781782	4.475566	6.353604	5.167977	3.140231	-9.454443	4.755839

Matrice B di dimensione 36 x 36:
9.084299	2.320563	1.206162	1.962590	-9.521787	-3.199203	2.565843	-8.980824	0.806634	1.600221	5.419389	3.784386	9.101851	-1.405540	2.634138	2.312072	-4.185856	7.019344	4.218945	0.590732	1.526809	5.591046	1.773643	6.454816	-0.334474	7.862477	6.008862	-6.341230	8.571481	-3.667007	3.908148	2.924055	-0.611714	-3.486022	8.925334	-8.571390
7.866688	-4.544797	8.734305	2.220608	-9.054650	-4.822643	1.729949	-0.174225	8.910642	1.507049	-9.820311	0.912794	4.374504	5.262684	8.475570	3.751982	-7.996510	-5.982589	-9.296391	5.799595	8.286282	3.414553	1.786110	0.317661	-7.430010	3.515541	6.255814	7.682346	8.827151	3.930157	-6.779104	3.644979	-5.978918	1.506429	-7.830765	3.626350
7.928261	-6.133279	0.629681	0.411122	8.275650	5.310012	-8.354998	5.161783	5.937388	4.484871	-6.774080	7.492106	7.757418	8.028307	6.304559	1.705231	-8.695560	3.947190	4.289449	7.384931	8.284976	7.096564	-5.687301	3.822124	-1.350287	4.341180	6.436844	-0.877364	0.831821	-9.782445	0.560328	1.369200	9.326185	-8.581128	9.674703	-6.180733
8.661002	4.599653	-5.535644	5.972992	6.728771	-5.010299	2.147459	-7.359878	-4.793334	-0.115660	8.629998	4.609549	-6.801250	1.571817	-9.156736	4.435632	-1.029848	-2.166042	7.457063	3.451423	8.453206	-7.351450	4.349385	-3.579945	-1.853650	4.496380	5.180465	8.439831	-2.296606	8.457669	7.764198	9.271081	1.928587	-5.359537	-9.576156	3.571484
7.272683	-8.630027	-5.634261	-0.764786	-5.905577	-7.971558	-4.367094	3.067758	6.423036	8.117041	4.418728	2.981280	8.825245	-5.732965	-7.151778	6.430763	0.227382	6.046527	-7.270762	3.349554	2.072478	4.262381	-7.732501	-3.103272	8.855565	8.342771	-8.608436	-9.621607	-9.664868	5.835082	4.659021	1.241106	-7.326635	0.748046	4.098946	-7.773736
5.418712	2.610997	-9.366254	-7.306750	-6.934583	1.496111	6.973573	-2.976700	6.472290	3.455087	1.077626	6.017713	-1.983826	3.001658	0.863359	2.254197	2.811510	9.433284	-0.579464	-0.399582	2.389555	3.057066	3.013411	6.001568	4.845547	0.617012	4.152848	4.327434	3.400485	-2.219446	-8.104485	-0.545915	9.338837	-3.093759	6.719233	7.432349
5.389034	8.471916	6.523181	7.888147	-3.930139	7.291901	-5.139884	4.219660	8.948427	2.804213	0.912749	-7.968907	-3.329327	0.169888	-4.556007	9.157347	-8.091652	8.347487	2.102747	-5.983562	-4.740792	4.115873	4.894797	-8.421045	-4.774640	0.896136	-4.575385	5.938975	-9.927709	-7.953271	3.711101	4.428756	-4.739881	6.417587	-9.011876	2.875515
-5.676611	3.633345	5.326922	4.414632	-3.279648	-5.788950	4.175812	-5.759746	7.836789	8.587236	0.823635	3.350643	-5.792234	2.406145	2.169378	8.556779	2.273048	-8.417397	-4.244515	7.701532	8.142798	-5.379197	5.218408	6.422130	4.851959	4.603088	-8.025357	1.239111	-7.721961	-8.621702	-8.926917	7.737328	-9.368605	8.799935	8.986755	1.137283
9.991949	-9.448162	7.655422	8.265554	-0.879658	-8.182975	-0.822373	-2.722606	-3.067343	8.435673	-8.522789	-3.194225	2.327727	-1.504514	-8.495627	-8.444035	-9.158277	3.697933	-3.762490	9.321080	4.832130	3.547162	-6.926141	-4.198837	-7.614075	1.987744	8.807511	-4.028258	-7.176129	2.449720	-8.174570	-4.159332	8.785953	4.146546	-9.820753	7.190589
-0.971681	0.307385	7.007519	7.891306	-7.140731	-0.758458	-5.061018	7.083480	-0.319489	7.908902	0.426956	-5.826906	9.925499	-1.761351	-3.441078	4.399134	9.689691	2.310581	-9.212740	-1.318803	0.080935	-2.301713	6.863978	7.379099	-8.918394	5.677525	7.356236	-8.558259	1.477884	-7.027987	9.271549	-9.331722	6.133639	5.658450	1.844188	-1.699849
9.054515	7.067076	-3.386756	3.101959	9.734177	-1.650500	0.283916	4.372147	0.528368	6.680763	-2.827254	8.761157	-7.654787	4.307272	1.396861	1.424098	0.008684	6.369869	2.937350	5.700589	-8.251312	9.761940	7.559847	0.297028	5.534221	7.888132	2.990276	-7.322368	1.068897	-0.144037	7.636762	-2.917134	-0.059310	-1.040885	8.758830	5.668187
4.092564	5.545370	9.564214	-9.740626	2.820189	3.459910	4.278048	-6.455528	-2.411919	7.812703	8.167700	7.694126	-0.016840	-1.223671	5.476486	5.785813	2.321985	1.221460	7.173581	6.984634	8.590844	5.804235	1.226823	-8.215837	-8.859327	3.687423	-6.758377	-5.254038	0.116560	5.550888	-3.369566	-5.162096	2.667883	7.577750	-7.345642	9.835234
5.006929	-8.805379	-7.899231	9.872493	-3.049755	3.785586	4.941465	6.583350	5.517333	0.651072	-3.470939	-4.578451	2.196723	5.980286	6.718585	5.478852	-1.454988	7.959265	1.305446	-6.112778	-1.391675	4.163334	-8.937988	1.391165	2.880922	3.342221	7.855404	-2.490682	-0.076872	9.594492	4.286488	8.520971	9.357575	5.095695	4.311995	5.018224
-1.106837	2.036810	9.928242	4.500147	5.470212	-9.161024	-5.763039	3.377743	-0.122674	2.635369	8.045579	0.150638	7.636577	-8.066177	6.454806	7.652242	2.265958	7.606468	-3.117026	5.003363	-9.948982	1.912853	5.816093	1.551932	8.262831	0.347929	-5.343641	-3.711565	5.744900	4.928790	4.862142	9.761348	2.270082	-9.322300	9.474431	3.974346
8.490049	5.135434	1.177796	0.244909	0.874667	5.749037	1.091404	9.198527	-1.238344	-9.036010	-6.708348	-3.228587	-6.165174	-4.365539	-6.876550	5.063018	4.227085	9.672741	6.885818	4.845508	0.510487	3.978794	0.055148	-8.438196	7.304637	-7.393979	6.271563	2.991414	-3.173454	8.076343	-5.696838	5.416603	3.337813	-5.328804	5.006994	7.984117
0.768858	-7.119374	-5.140231	2.117498	3.031774	6.457852	0.134044	1.740075	6.806219	3.357501	-2.955780	2.426979	-3.863449	-6.517224	-7.930095	-4.387926	-6.464252	9.522959	7.064868	4.049350	1.151934	9.399980	9.956468	-4.593475	0.956473	-9.265742	6.725081	0.205846	9.448505	9.458974	1.224411	6.077553	-5.354198	9.293145	-7.240968	2.515709
-3.849697	-9.678880	3.055744	0.568850	2.223331	7.924471	1.527314	9.536942	-4.853387	-8.354420	2.842815	-3.766460	0.032485	0.616080	-6.402101	-5.666355	-5.047478	4.057961	9.617590	-2.115439	4.461404	-0.789333	8.170227	6.964538	9.322190	9.101411	9.750931	-0.362018	5.927477	7.056869	4.109887	2.581375	8.068459	7.260586	-1.266148	9.526970
9.415936	1.716271	0.642578	-0.609776	-3.999767	-2.129773	2.579058	3.534113	3.469890	0.836113	3.314206	6.737141	0.056823	9.068715	3.373753	7.050524	8.911988	0.375852	7.447604	-9.519333	-0.696814	5.198068	4.140898	1.782408	9.323163	5.190564	-6.036007	4.020035	5.925433	7.415802	-1.684434	-2.088875	-3.233120	0.150988	3.450354	2.128094
1.319428	7.423041	-6.058344	3.071114	1.823968	8.018876	0.189384	-3.952806	5.127660	5.414002	5.834933	7.408517	9.967604	9.748776	7.229826	7.565126	9.203033	-4.009579	4.193615	-0.642883	-5.342372	-3.877558	-0.700670	-1.646572	9.198971	2.640424	4.563452	-4.101957	7.608445	7.949014	-5.727604	3.387524	-0.502306	0.192014	4.477797	0.713504
9.496657	5.351925	2.421425	-6.025656	4.059071	-6.654301	8.715021	3.153579	4.606991	1.161738	6.616733	5.265232	1.946366	1.814960	6.292144	6.244332	7.119525	5.986126	8.594753	-1.161347	0.677863	1.276348	8.571905	5.716350	5.532519	3.513492	1.427350	9.268291	4.235971	9.797879	3.611714	6.316915	-7.638468	-0.272188	-4.314824	-8.887045
9.249182	-4.385570	4.593320	-0.999985	-6.980008	2.275091	3.292201	1.781074	2.626632	-8.056287	7.621163	-6.969584	6.676243	1.492852	8.675307	5.983753	0.543290	-5.745577	0.471243	5.262449	1.259038	-5.858609	9.080922	-2.079412	9.218636	-7.945899	-4.508901	2.099430	-2.157255	2.176211	3.972179	8.757051	-8.529286	-9.652080	1.248189	-6.451781
2.452069	7.058468	9.950073	-3.240544	-9.273579	-6.008508	-6.101926	4.967624	-1.700220	9.091742	5.303798	0.187869	-2.351420	-2.833614	-4.754479	-6.106837	1.595786	8.739539	2.303184	0.714568	-3.166526	5.359244	4.831014	7.527634	7.470703	2.203633	4.468169	-6.607586	-2.231452	0.419198	8.726596	4.192478	-9.691340	-1.868241	4.912100	3.571288
9.305884	7.347079	-9.257400	-0.668131	1.494088	9.502605	-5.263266	2.781845	5.551392	-4.480648	9.727079	-4.600370	1.605143	1.412944	-9.051419	4.595868	3.914764	2.494201	6.817659	-9.900268	6.034097	-4.274004	5.513065	8.792081	0.256893	5.342446	1.945855	-9.402391	-6.411426	0.068240	5.799567	-3.820148	-6.607055	2.886495	9.476682	-1.736461
2.189637	-6.808141	3.066314	-8.767160	-8.872951	-3.307178	4.052421	4.369804	3.524903	5.926693	9.102153	9.038801	-6.061191	9.133922	4.712060	-1.048651	-6.880848	-4.604400	-3.457014	3.270367	-7.481165	3.148772	-9.287114	-1.997434	-1.956621	-2.136487	7.670969	6.767981	3.100585	9.270032	6.772286	-4.714342	-8.175475	3.600295	-2.690301	-3.962455
3.448207	1.705052	4.629804	-5.547338	1.626613	7.645198	8.859113	3.029741	0.315082	9.772342	2.618456	0.740501	3.805426	2.426420	1.211458	6.667193	3.500102	7.394986	-2.074731	-4.716330	0.626149	-2.998926	6.774708	1.444960	8.328441	-4.177158	5.703987	1.740828	9.258456	6.005139	-0.556122	5.129579	1.044577	2.186130	-5.466889	-6.820652
9.263989	-5.578301	5.848245	3.128487	8.240563	-5.123583	-2.223305	-3.453962	1.031658	1.951674	2.131433	5.644005	9.605818	-6.295317	-4.732595	-1.165746	2.935547	0.035280	3.767307	2.960478	0.469413	-5.952419	-4.948470	-4.174478	8.865481	7.567909	3.207405	4.172923	1.042048	7.885931	-3.584209	9.771226	-5.795723	5.303547	2.970274	-1.570899
6.348085	-6.132404	6.929699	7.276684	6.433034	-6.792094	8.056506	2.453662	1.433258	4.873196	9.391270	-1.537223	-4.450929	4.750023	5.104795	-0.860889	3.844240	2.749437	7.300174	-6.569119	4.870714	3.373646	4.326231	2.025774	-6.166901	-0.776956	1.543392	0.745164	9.154949	-3.415523	1.816109	-5.712626	1.269704	6.434288	-8.488184	2.303086
6.364620	6.286117	-1.504040	6.450340	5.210861	-3.229113	-9.541475	2.748574	9.469464	2.956168	-0.440508	6.945921	-7.130856	0.280090	-6.383615	8.977937	-8.259907	-3.439086	-3.575946	7.434890	7.116721	5.541060	4.638280	5.354619	4.453730	5.393316	6.979581	-6.604450	5.719446	-9.729477	-9.467715	4.851297	3.971468	7.491571	8.179808	-6.334221
-5.590463	1.954724	0.164915	-4.336486	5.620130	9.512884	2.069039	6.710148	3.001874	9.891547	5.147039	0.197212	-3.033227	6.665921	2.615243	-6.509563	4.875424	8.434449	-5.773631	9.658985	2.500737	3.993472	5.289202	2.358262	7.143246	-0.760665	6.992654	1.408792	8.646660	-1.238915	1.074856	9.467609	6.212765	0.990619	0.672993	-3.380157
9.821472	7.743507	8.077250	-3.401750	2.351579	7.510780	5.120293	9.370113	-6.994285	5.028857	-8.357506	4.019421	2.398523	6.556666	5.659644	-6.245246	7.310452	0.591790	4.090523	-0.608197	-8.155956	5.786335	-7.038549	-7.043202	5.765476	-2.101976	-6.568524	8.693252	1.131437	-2.038564	5.186741	2.272197	2.272564	7.884895	6.857526	2.805189
-6.612069	-8.289731	3.747973	7.683453	7.404991	3.636431	5.906825	2.940563	7.579602	3.829343	-3.262937	5.263536	8.965525	1.898588	-1.641523	0.836534	-3.295302	1.904210	4.459197	6.556724	9.373091	-5.837704	-2.522837	2.318178	3.757395	-2.868782	-2.249059	-2.555834	-1.280749	7.037637	-9.158199	1.175865	7.000434	9.496775	-2.667738	3.323820
-6.246653	7.320745	7.939792	-8.871929	-5.786444	8.717520	9.873030	9.250088	5.727775	-4.076052	-4.161895	7.339474	8.331991	2.621961	2.889748	3.040559	-5.107306	7.905891	0.000228	4.744285	-8.518532	3.822175	4.735158	9.545341	9.359987	5.348906	-8.873309	-4.684211	9.524630	8.205030	-3.251953	1.550779	1.606894	-1.406357	-6.234490	7.393793
9.612447	-3.144584	4.288230	4.810537	-6.311318	7.170099	-2.847824	2.389928	9.160481	4.786831	-1.840548	0.771693	5.794279	5.054563	8.328691	6.781792	-3.664322	2.288743	2.616302	-1.600769	7.258723	-4.112247	0.625177	-2.479000	7.097134	2.198092	3.603441	-2.385123	5.147834	1.426490	9.888041	1.417663	8.134658	1.504916	0.805686	-9.678579
-1.876552	8.170956	-0.293002	2.287387	7.915788	6.327818	-7.455263	0.916949	-6.152627	6.079622	0.551720	9.593031	-1.203690	9.437337	4.203631	-0.073785	-2.906743	8.581912	-8.894697	0.589881	5.354777	8.329714	-5.630640	-5.413137	-1.590101	7.823935	8.990043	0.828198	8.514913	2.203109	-9.381451	-8.798727	0.521634	-5.487939	8.249936	6.226816
2.995519	6.414753	-3.803192	-0.409426	3.320647	7.535113	-5.650327	2.504423	-8.628846	6.883783	6.984425	-0.298491	3.063148	6.922391	1.864250	-4.917797	-7.705737	3.485928	3.160439	6.902223	2.128715	-8.791776	2.800647	-1.944281	6.003731	-9.439790	-4.510573	-0.494216	5.524712	-8.886805	0.565814	-2.248731	-5.137151	9.780481	-9.630013	-4.778676
1.120039	9.537770	4.866651	-5.350179	0.310114	-3.858539	4.528251	2.394409	1.769361	7.441925	-5.085815	0.606726	5.425315	8.520556	7.069909	6.814057	-6.869683	2.110635	7.833878	2.606716	2.250784	2.964680	0.818009	6.831998	6.640302	-4.922545	3.964578	1.949084	5.916477	-4.445221	3.768871	1.176335	7.611105	2.374889	-0.747784	-3.588975

Risultato locale:
Matrice loc_C di dimensione 36 x 36:
247.163931	-138.932045	136.009897	0.780411	-3.008690	65.536999	25.302102	-26.849059	205.639709	72.527326	110.840212	-16.439193	159.486146	-204.305493	-113.116683	102.552075	13.683569	300.535825	75.303879	31.757988	134.086266	81.916419	101.685186	-27.280122	1.024195	348.442998	102.616415	-138.002344	-78.683230	142.218098	28.132332	115.531985	-156.997253	59.781281	15.857778	49.688827
-144.646369	-576.562246	-49.343840	31.685383	-203.072033	-46.194603	110.423597	176.869354	298.443531	121.960077	-7.849016	-152.373316	236.957119	-89.928633	79.620165	64.536809	-281.299357	141.064184	-316.037937	238.675561	20.355390	-90.937068	98.753933	176.328783	289.245242	-187.197697	121.293614	-102.394338	154.749457	108.595254	227.063287	219.195213	286.519274	22.944856	-16.874054	-331.783924
225.355751	517.817236	132.589951	-71.663642	-40.633005	133.850628	-15.555538	147.664720	14.107439	278.965544	454.577094	100.517409	-127.717400	229.832753	72.678605	-112.331076	99.687472	306.926291	355.148431	1.506435	-365.831538	343.972884	543.765955	270.424151	334.112963	93.457179	-64.412665	-237.026151	250.237306	-276.225657	175.124124	-27.435048	-124.703873	218.949783	244.826513	188.427850
-240.136653	-100.117795	134.459226	-83.218994	-92.743398	148.082320	141.154901	130.848973	-70.758985	67.533156	241.833738	66.193621	-163.850078	103.301259	114.528874	-257.889583	105.048521	48.895278	-275.421689	10.803181	-85.869559	-41.369490	85.533621	336.394562	184.948972	78.999216	407.970988	60.646289	360.967218	-9.430336	167.328837	234.061001	140.232168	-144.396236	362.825781	-54.320829
569.950645	-331.014811	-105.028325	311.472934	-215.170065	-121.018053	58.965671	14.148522	84.891589	2.006621	-95.391550	14.284568	296.995372	128.018390	140.724782	-83.086525	149.152945	59.537350	-82.848378	-59.503721	-118.618433	3.606493	-367.327717	-203.329154	-97.903182	114.375555	94.115736	83.896951	63.854757	84.876310	172.903329	-71.624663	93.278548	-122.283834	25.225520	-167.474729
25.210657	195.256612	366.355402	-176.147535	-227.632750	117.498016	101.251690	369.801165	355.651183	347.437294	306.568011	233.317399	410.354611	208.607454	254.827337	270.011241	57.360135	422.697617	-102.062536	-12.682988	-17.053941	195.062319	50.477781	400.439931	366.069751	326.739985	25.355257	-185.534757	457.016181	93.265326	25.014156	95.167660	-22.914602	219.098657	215.283878	-165.212461
369.312896	226.255007	102.858306	-328.998094	40.048876	374.004377	-50.205154	219.116544	-126.953567	365.473871	21.792286	218.171461	129.937075	71.996925	-181.135612	-202.161093	15.604469	352.794631	437.918754	248.980971	131.541725	163.521237	358.450150	179.044979	350.538811	-159.745143	259.339418	-338.084439	293.265904	-120.618387	276.368240	-155.619062	325.259947	251.732669	187.235036	-61.760433
201.086648	-181.059418	-56.451426	308.057690	263.340660	28.452670	86.537773	43.250691	173.647676	53.416962	-38.072874	39.042629	142.765628	-138.928809	-93.963386	52.447755	172.272968	185.397904	149.989171	344.903816	179.063497	-10.176557	5.890701	11.944428	131.858025	97.600537	190.298207	-90.697401	-36.362703	94.761172	-138.804096	358.666346	403.976544	123.547638	249.763786	48.711475
9.717086	99.834044	354.767140	21.377199	-65.200845	109.834900	198.925868	-16.575606	133.025545	198.304803	242.820042	162.578549	155.459505	196.353901	362.802414	236.378236	0.214081	-68.299515	53.966141	-44.782002	87.238707	-79.321620	252.306058	-24.888367	137.225735	10.571091	-160.340232	245.617119	338.053381	-28.757822	-56.336901	7.789354	-227.357814	396.807175	-28.592631	-172.643146
167.383799	-106.346152	233.058151	208.676429	-289.850833	51.887488	44.711542	145.520531	554.059097	192.204448	38.455149	13.808397	322.162266	-46.765822	27.246919	296.382784	27.097085	255.413167	-112.734031	82.186184	-9.989494	37.963947	255.640519	246.029960	567.573461	363.502126	134.250742	-147.790329	89.848723	338.376926	-69.336125	633.172464	-28.578137	163.735267	269.793466	77.234065
260.296275	293.283888	339.186088	-59.166479	-242.136112	-16.841548	-34.883118	42.135017	28.160851	195.005043	119.505125	221.360188	384.819415	177.923002	151.201562	184.548684	61.322275	232.306799	238.013917	-104.375607	201.722175	292.240960	174.811592	355.141716	90.485731	428.268272	-84.895613	-206.552596	142.121915	-211.407040	-65.416891	-196.761358	194.244843	3.404706	289.391845	105.575471
46.673418	-114.562718	207.184052	178.158414	-337.527397	-195.735998	-150.473085	220.487916	298.425881	105.838003	-38.332901	122.285222	264.361949	24.608482	-43.331403	323.613461	-470.307965	226.857903	-125.255914	507.705018	143.943565	-59.088676	10.667526	219.947274	400.002546	78.282090	209.840318	-36.864438	69.382472	75.804150	-22.379856	312.154274	306.231041	-76.547122	105.249568	61.147686
414.835556	362.564897	36.317166	173.912442	8.088811	322.884478	-216.153659	130.525336	87.390470	310.127372	432.470966	73.591272	50.385798	47.733358	-150.337541	220.614059	263.407025	219.865308	333.261209	115.962358	151.905604	-87.149098	415.305707	-54.507284	369.329005	130.125867	-109.008920	-152.736858	-117.836310	-175.410790	376.289475	276.432799	-43.722867	282.768411	269.115734	-167.506403
346.150572	333.995971	143.564171	81.412099	-0.973251	-44.916164	-218.575113	250.547374	32.027925	352.134999	194.025305	-62.881067	-324.131564	133.097390	-136.048493	-18.305852	-11.016622	291.110160	4.265878	150.191902	-1.294057	197.902873	359.911094	171.444613	103.479666	28.757667	150.709933	-7.270063	-149.550220	-492.515207	418.515232	60.579094	4.139379	-74.037896	325.836786	-159.590774
354.689826	409.647552	379.624926	-10.178772	20.401522	83.972602	17.945209	178.659370	227.579764	348.730277	217.871270	-15.074527	152.751641	312.841985	518.487787	300.308656	119.425753	191.027432	-80.450357	-152.680643	-200.073490	194.577441	105.225126	42.576059	15.469791	70.976904	189.476306	71.758865	356.573088	-103.049967	190.660718	169.188997	166.626992	-90.730470	-11.550842	-220.646575
-193.990659	-246.524344	-73.006197	-136.703204	398.831389	409.692893	27.641392	69.629269	35.273704	129.249689	-182.586601	176.895883	211.726962	-38.067830	210.485008	-150.817277	-220.775104	204.239738	-92.130533	176.203495	-120.960497	113.063923	-342.192578	-123.766316	161.945763	-177.313767	-79.546973	-208.195583	119.947738	132.051095	-3.996002	100.104695	164.053648	8.693702	340.557224	-115.449527
10.258332	177.606981	14.470209	-116.913126	43.142591	72.360879	-170.631964	-61.229462	63.671078	576.983391	429.935238	228.365575	-2.875031	47.904386	-154.960972	13.999847	70.195955	238.727654	-156.047705	143.023755	223.180321	125.434672	150.365942	12.856926	-15.386688	213.367412	238.005364	-24.291443	158.875432	42.763544	96.927060	89.506735	-224.831461	221.541978	2.390225	-56.601670
423.253411	-26.697582	76.343872	52.289690	-39.555604	-48.777631	-42.624834	436.624671	105.128768	119.895453	-9.092039	-157.564174	-219.793726	173.948060	-133.609590	205.976977	-102.904054	301.029076	116.628548	-171.446947	44.080834	227.002916	-242.889817	-88.389667	136.280380	-92.167119	280.029528	247.432286	-378.844811	159.045660	349.811208	232.221773	175.988197	-198.866361	152.168230	30.329472
469.773693	171.750254	135.422879	8.052498	39.455462	-202.306313	-5.653343	208.843500	345.314410	243.458159	77.615615	197.255919	-184.508065	237.700734	-174.025286	302.536698	-54.117262	18.100740	314.077607	261.728367	325.596222	133.147102	284.578838	227.376972	84.810044	153.596069	156.581125	-154.979582	-237.639315	1.883291	28.557601	-107.820204	-156.713693	59.008808	-8.804984	75.561328
565.223092	-92.692611	122.757402	-65.473091	-145.541085	-65.926549	531.079931	-136.745617	309.176561	206.664804	101.845573	274.289798	280.059276	74.597386	139.329994	357.562407	152.684418	222.880890	488.151606	69.582149	144.514577	88.179614	38.313282	-82.917127	514.364865	187.261693	-3.363565	111.003025	45.753735	590.705712	1.897703	508.807316	-10.824916	85.621466	67.332196	199.653508
-93.814645	74.747536	64.329634	-250.790172	461.466657	435.781346	-119.292827	339.003068	77.905744	-40.479152	274.276985	176.943846	-4.147644	112.498657	-20.765796	17.474389	-268.905173	83.749100	183.878055	297.516940	37.649145	24.632234	85.754931	-79.448994	257.625553	-256.726629	-161.685957	9.432630	126.416620	131.723211	-251.313352	62.347082	-125.557361	187.207009	-135.873536	-88.613810
259.839236	211.748239	142.698648	59.205205	-130.610996	220.509261	197.463044	364.060175	277.021454	541.496102	109.322543	-16.663290	-44.454316	392.773498	-108.324091	189.338943	97.610152	248.840128	60.828002	25.720442	288.741547	0.877192	89.747725	60.733422	165.290766	-113.029116	134.885680	65.049798	103.821142	47.701735	-207.599605	-28.111772	180.090693	685.193970	-272.930873	231.487483
135.898203	-110.874551	49.315644	-177.442868	-51.105683	-0.412783	77.126706	160.270898	130.841589	169.023258	62.250276	218.284196	248.359542	218.016634	206.441509	153.843992	-170.083024	143.153947	187.791260	63.219473	67.537604	53.395753	-277.244468	-109.676493	254.833599	-56.697159	70.622631	200.386244	127.482608	409.378788	-34.977302	160.537214	52.322966	55.850098	-251.647576	-42.255793
226.060139	177.490841	-204.131665	29.821470	-88.834854	236.634764	-73.479682	127.070504	170.563564	262.101529	214.220417	-7.667452	83.898963	199.859872	-14.995682	-14.226307	-290.919591	420.766176	104.452632	54.089120	145.047848	82.640864	320.482254	359.429814	221.493711	59.114461	318.733240	-141.487493	292.752367	-281.480560	378.571841	236.070793	-119.618814	49.225691	101.931830	-170.249641
73.663310	-24.790600	155.440807	-181.677375	-253.175579	-2.277686	-184.426310	-95.839810	196.312004	-180.828864	202.157637	184.119996	444.894080	-139.511354	108.534711	400.137636	-243.020821	-51.394876	-214.599081	115.725519	266.684563	-111.430334	235.268274	285.044109	-21.609023	499.413823	-180.418190	-184.188540	162.049005	-71.571199	10.689051	-15.083845	-50.142000	-198.900688	71.656074	-203.187946
122.581560	178.344376	389.080642	-255.028631	96.788765	26.724447	160.030365	257.568752	166.968209	491.669364	-76.102252	73.942116	166.602877	181.682640	434.734718	63.483191	-43.952028	260.876215	34.679347	213.953287	-76.503607	-27.693974	163.569598	179.065834	280.384164	-180.435693	-172.938243	196.955956	165.995436	-170.805585	313.893196	276.870787	50.452728	79.824795	-95.351691	-179.872586
216.558897	110.252117	-93.703062	-102.357195	-35.359790	104.137698	-49.155347	59.321417	293.276200	275.133238	-42.766598	296.032672	225.043984	118.013787	-317.668949	256.000850	-47.887187	317.010097	175.904279	-196.186389	84.681966	319.965425	-90.979099	144.237684	127.212653	334.876239	378.258106	-168.021877	27.720723	338.493478	-232.181181	-144.197508	-155.415490	248.799412	140.174918	-57.257957
138.216347	-36.246613	1.996269	-10.303569	-155.615354	544.114591	0.831963	305.178929	134.668565	-31.775407	142.759205	80.943203	474.788887	163.635579	71.074385	233.687957	19.894076	323.978221	165.958814	-137.155977	-168.064157	-35.861363	-226.448414	-106.411607	314.348483	-10.693925	53.561021	-79.163342	165.107120	373.063651	201.583919	92.353711	111.379371	28.602124	143.009574	-63.987679
4.314996	139.269952	387.481675	49.203874	-23.234097	-218.474679	-132.205931	167.461133	295.214606	259.456912	143.543120	44.957862	-39.543571	-198.001250	-102.742048	189.083567	-201.238079	249.100815	17.162274	181.001752	6.839419	220.707231	278.490192	352.887718	-105.156032	327.570911	-189.847426	-400.397935	-145.069530	-261.666607	136.439553	-42.531341	-105.118682	316.190530	5.955552	-43.599015
107.395955	-41.298158	431.617746	127.649555	-124.075961	185.672155	-66.726886	118.203226	146.452811	699.271464	257.951843	126.295483	228.845986	270.972299	171.116379	101.041322	-308.655108	193.816054	-93.785676	300.419233	204.975070	36.674543	20.451601	-11.445070	138.550881	49.361638	330.723490	-117.370331	389.341822	71.357205	176.220117	237.027589	120.123398	472.548659	-242.934069	-79.159019
185.190310	-196.219609	127.681661	225.618415	-488.895046	149.271376	69.057273	-194.633106	-19.656328	-179.834654	-103.288431	-174.647114	-87.056586	-196.411033	-342.642671	-101.994260	208.571636	-157.264537	359.152183	-249.320948	109.497772	-137.425764	39.164584	-238.180546	-259.264078	74.706068	191.050107	126.799584	-240.021662	284.419839	39.589538	-11.923645	10.761429	387.592509	-132.017731	578.823799
375.632234	138.360916	371.581471	162.417835	277.788846	488.733187	-91.204291	510.725174	70.978267	264.215928	-190.450836	135.475876	154.136545	208.582275	-15.177423	167.068359	-294.762088	656.340910	94.720775	459.365048	221.604135	239.299992	447.458192	-42.720285	474.379203	93.111314	432.885800	102.214460	426.149920	174.807694	-127.906642	493.020500	574.854006	49.666083	-124.382895	436.967302
168.393218	312.000511	529.596648	-132.577859	124.997769	219.014304	-81.161541	102.831119	23.322965	398.135335	297.704414	167.784643	208.498393	54.207962	-19.013235	244.480730	-163.024815	144.480461	115.247148	419.403761	215.074817	-177.662588	101.533806	-90.184146	385.984414	-39.258678	49.195953	-2.911085	76.382804	-20.269035	-81.667347	299.520686	66.412291	218.853162	-70.402262	-83.106588
298.651072	404.999022	280.297214	-291.019843	-111.891001	101.670382	146.690980	147.179943	81.031233	345.250108	61.621232	237.379474	152.531543	199.387817	331.155035	83.847569	379.070736	309.969045	45.861875	47.303856	-205.652812	306.749627	-78.288445	1.054768	142.441778	95.805493	-134.008680	36.639251	85.590876	-110.900286	-84.609151	-30.323369	-19.156275	35.928945	341.523164	124.088259
116.097914	-311.546662	-184.077192	350.257027	-174.278853	-75.257523	-307.154655	-81.088103	-84.357139	288.269988	14.986410	-34.616682	143.484197	343.354449	-56.921760	-301.499969	-340.929229	-121.897100	-31.128587	-82.541661	134.837441	-9.169129	-518.827641	-70.446592	-255.446564	150.778711	458.795907	-60.414993	10.640952	37.399797	313.748097	-71.918708	121.989202	154.808928	-173.921268	-112.951695
461.680204	30.247101	-152.668455	-35.282869	-149.857955	199.527813	130.018572	104.651713	334.902201	-27.154255	51.309658	300.925193	142.987533	75.221899	-212.653852	500.116571	-131.496705	360.695844	365.708530	-183.852497	127.219637	310.129197	-65.785458	-31.553189	59.874590	372.586046	347.964975	-275.632662	87.034337	598.009246	64.575344	-168.342335	199.357041	87.983145	-9.355064	90.370696
